/*
* Complex Hadamard matrix with v = 10:
* - number of matrices: N = 1
*/

com_H_v10 := [
[[ i,  1,  1,  1,  1,  1,  1,  1,  1,  1],
[ 1,  i,  1, -1,  1, -1,  1, -1,  1, -1],
[ 1,  1,  i, -1, -1, -1,  1,  1, -1,  1],
[ 1, -1, -1,  i,  1,  1,  1, -1, -1,  1],
[ 1,  1, -1,  1,  i, -1, -1, -1,  1,  1],
[ 1, -1, -1,  1, -1,  i,  1,  1,  1, -1],
[ 1,  1,  1,  1, -1,  1,  i, -1, -1, -1],
[ 1, -1,  1, -1, -1,  1, -1,  i,  1,  1],
[ 1,  1, -1, -1,  1,  1, -1,  1,  i, -1],
[ 1, -1,  1,  1,  1, -1, -1,  1, -1,  i]]
];

