/*
* Complex Hadamard matrix with v = 82:
* - number of matrices: N = 2
*/

com_H_v82 := [
[ // 1st: from Williamson matrices
[1, -1, 1, -1, -1, -1, 1, 1, 1, -1, 1, 1, -1, 1, -1, -1, 1, 1, 1, 1, 1, 1, 1, 1, 1, 1, -1, -1, 1, -1, 1, 1, -1, 1,
    1, 1, -1, -1, -1, 1, -1, i, 1, -1, -1, -1, -1, 1, -1, 1, 1, 1, -1, 1, 1, -1, 1, 1, -1, -1, -1, 1, 1, -1,
    -1, -1, 1, 1, -1, 1, 1, -1, 1, 1, 1, -1, 1, -1, -1, -1, -1, 1],
[-1, 1, -1, 1, -1, -1, -1, 1, 1, 1, -1, 1, 1, -1, 1, -1, -1, 1, 1, 1, 1, 1, 1, 1, 1, 1, 1, -1, -1, 1, -1, 1, 1,
    -1, 1, 1, 1, -1, -1, -1, 1, 1, i, 1, -1, -1, -1, -1, 1, -1, 1, 1, 1, -1, 1, 1, -1, 1, 1, -1, -1, -1, 1, 1,
    -1, -1, -1, 1, 1, -1, 1, 1, -1, 1, 1, 1, -1, 1, -1, -1, -1, -1],
[1, -1, 1, -1, 1, -1, -1, -1, 1, 1, 1, -1, 1, 1, -1, 1, -1, -1, 1, 1, 1, 1, 1, 1, 1, 1, 1, 1, -1, -1, 1, -1, 1, 1,
    -1, 1, 1, 1, -1, -1, -1, -1, 1, i, 1, -1, -1, -1, -1, 1, -1, 1, 1, 1, -1, 1, 1, -1, 1, 1, -1, -1, -1, 1, 1,
    -1, -1, -1, 1, 1, -1, 1, 1, -1, 1, 1, 1, -1, 1, -1, -1, -1],
[-1, 1, -1, 1, -1, 1, -1, -1, -1, 1, 1, 1, -1, 1, 1, -1, 1, -1, -1, 1, 1, 1, 1, 1, 1, 1, 1, 1, 1, -1, -1, 1, -1,
    1, 1, -1, 1, 1, 1, -1, -1, -1, -1, 1, i, 1, -1, -1, -1, -1, 1, -1, 1, 1, 1, -1, 1, 1, -1, 1, 1, -1, -1, -1,
    1, 1, -1, -1, -1, 1, 1, -1, 1, 1, -1, 1, 1, 1, -1, 1, -1, -1],
[-1, -1, 1, -1, 1, -1, 1, -1, -1, -1, 1, 1, 1, -1, 1, 1, -1, 1, -1, -1, 1, 1, 1, 1, 1, 1, 1, 1, 1, 1, -1, -1, 1,
    -1, 1, 1, -1, 1, 1, 1, -1, -1, -1, -1, 1, i, 1, -1, -1, -1, -1, 1, -1, 1, 1, 1, -1, 1, 1, -1, 1, 1, -1, -1,
    -1, 1, 1, -1, -1, -1, 1, 1, -1, 1, 1, -1, 1, 1, 1, -1, 1, -1],
[-1, -1, -1, 1, -1, 1, -1, 1, -1, -1, -1, 1, 1, 1, -1, 1, 1, -1, 1, -1, -1, 1, 1, 1, 1, 1, 1, 1, 1, 1, 1, -1, -1,
    1, -1, 1, 1, -1, 1, 1, 1, -1, -1, -1, -1, 1, i, 1, -1, -1, -1, -1, 1, -1, 1, 1, 1, -1, 1, 1, -1, 1, 1, -1,
    -1, -1, 1, 1, -1, -1, -1, 1, 1, -1, 1, 1, -1, 1, 1, 1, -1, 1],
[1, -1, -1, -1, 1, -1, 1, -1, 1, -1, -1, -1, 1, 1, 1, -1, 1, 1, -1, 1, -1, -1, 1, 1, 1, 1, 1, 1, 1, 1, 1, 1, -1,
    -1, 1, -1, 1, 1, -1, 1, 1, 1, -1, -1, -1, -1, 1, i, 1, -1, -1, -1, -1, 1, -1, 1, 1, 1, -1, 1, 1, -1, 1, 1,
    -1, -1, -1, 1, 1, -1, -1, -1, 1, 1, -1, 1, 1, -1, 1, 1, 1, -1],
[1, 1, -1, -1, -1, 1, -1, 1, -1, 1, -1, -1, -1, 1, 1, 1, -1, 1, 1, -1, 1, -1, -1, 1, 1, 1, 1, 1, 1, 1, 1, 1, 1,
    -1, -1, 1, -1, 1, 1, -1, 1, -1, 1, -1, -1, -1, -1, 1, i, 1, -1, -1, -1, -1, 1, -1, 1, 1, 1, -1, 1, 1, -1,
    1, 1, -1, -1, -1, 1, 1, -1, -1, -1, 1, 1, -1, 1, 1, -1, 1, 1, 1],
[1, 1, 1, -1, -1, -1, 1, -1, 1, -1, 1, -1, -1, -1, 1, 1, 1, -1, 1, 1, -1, 1, -1, -1, 1, 1, 1, 1, 1, 1, 1, 1, 1, 1,
    -1, -1, 1, -1, 1, 1, -1, 1, -1, 1, -1, -1, -1, -1, 1, i, 1, -1, -1, -1, -1, 1, -1, 1, 1, 1, -1, 1, 1, -1,
    1, 1, -1, -1, -1, 1, 1, -1, -1, -1, 1, 1, -1, 1, 1, -1, 1, 1],
[-1, 1, 1, 1, -1, -1, -1, 1, -1, 1, -1, 1, -1, -1, -1, 1, 1, 1, -1, 1, 1, -1, 1, -1, -1, 1, 1, 1, 1, 1, 1, 1, 1,
    1, 1, -1, -1, 1, -1, 1, 1, 1, 1, -1, 1, -1, -1, -1, -1, 1, i, 1, -1, -1, -1, -1, 1, -1, 1, 1, 1, -1, 1, 1,
    -1, 1, 1, -1, -1, -1, 1, 1, -1, -1, -1, 1, 1, -1, 1, 1, -1, 1],
[1, -1, 1, 1, 1, -1, -1, -1, 1, -1, 1, -1, 1, -1, -1, -1, 1, 1, 1, -1, 1, 1, -1, 1, -1, -1, 1, 1, 1, 1, 1, 1, 1,
    1, 1, 1, -1, -1, 1, -1, 1, 1, 1, 1, -1, 1, -1, -1, -1, -1, 1, i, 1, -1, -1, -1, -1, 1, -1, 1, 1, 1, -1, 1,
    1, -1, 1, 1, -1, -1, -1, 1, 1, -1, -1, -1, 1, 1, -1, 1, 1, -1],
[1, 1, -1, 1, 1, 1, -1, -1, -1, 1, -1, 1, -1, 1, -1, -1, -1, 1, 1, 1, -1, 1, 1, -1, 1, -1, -1, 1, 1, 1, 1, 1, 1,
    1, 1, 1, 1, -1, -1, 1, -1, -1, 1, 1, 1, -1, 1, -1, -1, -1, -1, 1, i, 1, -1, -1, -1, -1, 1, -1, 1, 1, 1, -1,
    1, 1, -1, 1, 1, -1, -1, -1, 1, 1, -1, -1, -1, 1, 1, -1, 1, 1],
[-1, 1, 1, -1, 1, 1, 1, -1, -1, -1, 1, -1, 1, -1, 1, -1, -1, -1, 1, 1, 1, -1, 1, 1, -1, 1, -1, -1, 1, 1, 1, 1, 1,
    1, 1, 1, 1, 1, -1, -1, 1, 1, -1, 1, 1, 1, -1, 1, -1, -1, -1, -1, 1, i, 1, -1, -1, -1, -1, 1, -1, 1, 1, 1,
    -1, 1, 1, -1, 1, 1, -1, -1, -1, 1, 1, -1, -1, -1, 1, 1, -1, 1],
[1, -1, 1, 1, -1, 1, 1, 1, -1, -1, -1, 1, -1, 1, -1, 1, -1, -1, -1, 1, 1, 1, -1, 1, 1, -1, 1, -1, -1, 1, 1, 1, 1,
    1, 1, 1, 1, 1, 1, -1, -1, 1, 1, -1, 1, 1, 1, -1, 1, -1, -1, -1, -1, 1, i, 1, -1, -1, -1, -1, 1, -1, 1, 1, 1,
    -1, 1, 1, -1, 1, 1, -1, -1, -1, 1, 1, -1, -1, -1, 1, 1, -1],
[-1, 1, -1, 1, 1, -1, 1, 1, 1, -1, -1, -1, 1, -1, 1, -1, 1, -1, -1, -1, 1, 1, 1, -1, 1, 1, -1, 1, -1, -1, 1, 1,
    1, 1, 1, 1, 1, 1, 1, 1, -1, -1, 1, 1, -1, 1, 1, 1, -1, 1, -1, -1, -1, -1, 1, i, 1, -1, -1, -1, -1, 1, -1, 1,
    1, 1, -1, 1, 1, -1, 1, 1, -1, -1, -1, 1, 1, -1, -1, -1, 1, 1],
[-1, -1, 1, -1, 1, 1, -1, 1, 1, 1, -1, -1, -1, 1, -1, 1, -1, 1, -1, -1, -1, 1, 1, 1, -1, 1, 1, -1, 1, -1, -1, 1,
    1, 1, 1, 1, 1, 1, 1, 1, 1, 1, -1, 1, 1, -1, 1, 1, 1, -1, 1, -1, -1, -1, -1, 1, i, 1, -1, -1, -1, -1, 1, -1,
    1, 1, 1, -1, 1, 1, -1, 1, 1, -1, -1, -1, 1, 1, -1, -1, -1, 1],
[1, -1, -1, 1, -1, 1, 1, -1, 1, 1, 1, -1, -1, -1, 1, -1, 1, -1, 1, -1, -1, -1, 1, 1, 1, -1, 1, 1, -1, 1, -1, -1,
    1, 1, 1, 1, 1, 1, 1, 1, 1, 1, 1, -1, 1, 1, -1, 1, 1, 1, -1, 1, -1, -1, -1, -1, 1, i, 1, -1, -1, -1, -1, 1,
    -1, 1, 1, 1, -1, 1, 1, -1, 1, 1, -1, -1, -1, 1, 1, -1, -1, -1],
[1, 1, -1, -1, 1, -1, 1, 1, -1, 1, 1, 1, -1, -1, -1, 1, -1, 1, -1, 1, -1, -1, -1, 1, 1, 1, -1, 1, 1, -1, 1, -1,
    -1, 1, 1, 1, 1, 1, 1, 1, 1, -1, 1, 1, -1, 1, 1, -1, 1, 1, 1, -1, 1, -1, -1, -1, -1, 1, i, 1, -1, -1, -1, -1,
    1, -1, 1, 1, 1, -1, 1, 1, -1, 1, 1, -1, -1, -1, 1, 1, -1, -1],
[1, 1, 1, -1, -1, 1, -1, 1, 1, -1, 1, 1, 1, -1, -1, -1, 1, -1, 1, -1, 1, -1, -1, -1, 1, 1, 1, -1, 1, 1, -1, 1,
    -1, -1, 1, 1, 1, 1, 1, 1, 1, -1, -1, 1, 1, -1, 1, 1, -1, 1, 1, 1, -1, 1, -1, -1, -1, -1, 1, i, 1, -1, -1,
    -1, -1, 1, -1, 1, 1, 1, -1, 1, 1, -1, 1, 1, -1, -1, -1, 1, 1, -1],
[1, 1, 1, 1, -1, -1, 1, -1, 1, 1, -1, 1, 1, 1, -1, -1, -1, 1, -1, 1, -1, 1, -1, -1, -1, 1, 1, 1, -1, 1, 1, -1, 1,
    -1, -1, 1, 1, 1, 1, 1, 1, -1, -1, -1, 1, 1, -1, 1, 1, -1, 1, 1, 1, -1, 1, -1, -1, -1, -1, 1, i, 1, -1, -1,
    -1, -1, 1, -1, 1, 1, 1, -1, 1, 1, -1, 1, 1, -1, -1, -1, 1, 1],
[1, 1, 1, 1, 1, -1, -1, 1, -1, 1, 1, -1, 1, 1, 1, -1, -1, -1, 1, -1, 1, -1, 1, -1, -1, -1, 1, 1, 1, -1, 1, 1, -1,
    1, -1, -1, 1, 1, 1, 1, 1, 1, -1, -1, -1, 1, 1, -1, 1, 1, -1, 1, 1, 1, -1, 1, -1, -1, -1, -1, 1, i, 1, -1,
    -1, -1, -1, 1, -1, 1, 1, 1, -1, 1, 1, -1, 1, 1, -1, -1, -1, 1],
[1, 1, 1, 1, 1, 1, -1, -1, 1, -1, 1, 1, -1, 1, 1, 1, -1, -1, -1, 1, -1, 1, -1, 1, -1, -1, -1, 1, 1, 1, -1, 1, 1,
    -1, 1, -1, -1, 1, 1, 1, 1, 1, 1, -1, -1, -1, 1, 1, -1, 1, 1, -1, 1, 1, 1, -1, 1, -1, -1, -1, -1, 1, i, 1,
    -1, -1, -1, -1, 1, -1, 1, 1, 1, -1, 1, 1, -1, 1, 1, -1, -1, -1],
[1, 1, 1, 1, 1, 1, 1, -1, -1, 1, -1, 1, 1, -1, 1, 1, 1, -1, -1, -1, 1, -1, 1, -1, 1, -1, -1, -1, 1, 1, 1, -1, 1,
    1, -1, 1, -1, -1, 1, 1, 1, -1, 1, 1, -1, -1, -1, 1, 1, -1, 1, 1, -1, 1, 1, 1, -1, 1, -1, -1, -1, -1, 1, i,
    1, -1, -1, -1, -1, 1, -1, 1, 1, 1, -1, 1, 1, -1, 1, 1, -1, -1],
[1, 1, 1, 1, 1, 1, 1, 1, -1, -1, 1, -1, 1, 1, -1, 1, 1, 1, -1, -1, -1, 1, -1, 1, -1, 1, -1, -1, -1, 1, 1, 1, -1,
    1, 1, -1, 1, -1, -1, 1, 1, -1, -1, 1, 1, -1, -1, -1, 1, 1, -1, 1, 1, -1, 1, 1, 1, -1, 1, -1, -1, -1, -1, 1,
    i, 1, -1, -1, -1, -1, 1, -1, 1, 1, 1, -1, 1, 1, -1, 1, 1, -1],
[1, 1, 1, 1, 1, 1, 1, 1, 1, -1, -1, 1, -1, 1, 1, -1, 1, 1, 1, -1, -1, -1, 1, -1, 1, -1, 1, -1, -1, -1, 1, 1, 1,
    -1, 1, 1, -1, 1, -1, -1, 1, -1, -1, -1, 1, 1, -1, -1, -1, 1, 1, -1, 1, 1, -1, 1, 1, 1, -1, 1, -1, -1, -1,
    -1, 1, i, 1, -1, -1, -1, -1, 1, -1, 1, 1, 1, -1, 1, 1, -1, 1, 1],
[1, 1, 1, 1, 1, 1, 1, 1, 1, 1, -1, -1, 1, -1, 1, 1, -1, 1, 1, 1, -1, -1, -1, 1, -1, 1, -1, 1, -1, -1, -1, 1, 1, 1,
    -1, 1, 1, -1, 1, -1, -1, 1, -1, -1, -1, 1, 1, -1, -1, -1, 1, 1, -1, 1, 1, -1, 1, 1, 1, -1, 1, -1, -1, -1,
    -1, 1, i, 1, -1, -1, -1, -1, 1, -1, 1, 1, 1, -1, 1, 1, -1, 1],
[-1, 1, 1, 1, 1, 1, 1, 1, 1, 1, 1, -1, -1, 1, -1, 1, 1, -1, 1, 1, 1, -1, -1, -1, 1, -1, 1, -1, 1, -1, -1, -1, 1,
    1, 1, -1, 1, 1, -1, 1, -1, 1, 1, -1, -1, -1, 1, 1, -1, -1, -1, 1, 1, -1, 1, 1, -1, 1, 1, 1, -1, 1, -1, -1,
    -1, -1, 1, i, 1, -1, -1, -1, -1, 1, -1, 1, 1, 1, -1, 1, 1, -1],
[-1, -1, 1, 1, 1, 1, 1, 1, 1, 1, 1, 1, -1, -1, 1, -1, 1, 1, -1, 1, 1, 1, -1, -1, -1, 1, -1, 1, -1, 1, -1, -1, -1,
    1, 1, 1, -1, 1, 1, -1, 1, -1, 1, 1, -1, -1, -1, 1, 1, -1, -1, -1, 1, 1, -1, 1, 1, -1, 1, 1, 1, -1, 1, -1,
    -1, -1, -1, 1, i, 1, -1, -1, -1, -1, 1, -1, 1, 1, 1, -1, 1, 1],
[1, -1, -1, 1, 1, 1, 1, 1, 1, 1, 1, 1, 1, -1, -1, 1, -1, 1, 1, -1, 1, 1, 1, -1, -1, -1, 1, -1, 1, -1, 1, -1, -1,
    -1, 1, 1, 1, -1, 1, 1, -1, 1, -1, 1, 1, -1, -1, -1, 1, 1, -1, -1, -1, 1, 1, -1, 1, 1, -1, 1, 1, 1, -1, 1,
    -1, -1, -1, -1, 1, i, 1, -1, -1, -1, -1, 1, -1, 1, 1, 1, -1, 1],
[-1, 1, -1, -1, 1, 1, 1, 1, 1, 1, 1, 1, 1, 1, -1, -1, 1, -1, 1, 1, -1, 1, 1, 1, -1, -1, -1, 1, -1, 1, -1, 1, -1,
    -1, -1, 1, 1, 1, -1, 1, 1, 1, 1, -1, 1, 1, -1, -1, -1, 1, 1, -1, -1, -1, 1, 1, -1, 1, 1, -1, 1, 1, 1, -1, 1,
    -1, -1, -1, -1, 1, i, 1, -1, -1, -1, -1, 1, -1, 1, 1, 1, -1],
[1, -1, 1, -1, -1, 1, 1, 1, 1, 1, 1, 1, 1, 1, 1, -1, -1, 1, -1, 1, 1, -1, 1, 1, 1, -1, -1, -1, 1, -1, 1, -1, 1,
    -1, -1, -1, 1, 1, 1, -1, 1, -1, 1, 1, -1, 1, 1, -1, -1, -1, 1, 1, -1, -1, -1, 1, 1, -1, 1, 1, -1, 1, 1, 1,
    -1, 1, -1, -1, -1, -1, 1, i, 1, -1, -1, -1, -1, 1, -1, 1, 1, 1],
[1, 1, -1, 1, -1, -1, 1, 1, 1, 1, 1, 1, 1, 1, 1, 1, -1, -1, 1, -1, 1, 1, -1, 1, 1, 1, -1, -1, -1, 1, -1, 1, -1, 1,
    -1, -1, -1, 1, 1, 1, -1, 1, -1, 1, 1, -1, 1, 1, -1, -1, -1, 1, 1, -1, -1, -1, 1, 1, -1, 1, 1, -1, 1, 1, 1,
    -1, 1, -1, -1, -1, -1, 1, i, 1, -1, -1, -1, -1, 1, -1, 1, 1],
[-1, 1, 1, -1, 1, -1, -1, 1, 1, 1, 1, 1, 1, 1, 1, 1, 1, -1, -1, 1, -1, 1, 1, -1, 1, 1, 1, -1, -1, -1, 1, -1, 1,
    -1, 1, -1, -1, -1, 1, 1, 1, 1, 1, -1, 1, 1, -1, 1, 1, -1, -1, -1, 1, 1, -1, -1, -1, 1, 1, -1, 1, 1, -1, 1,
    1, 1, -1, 1, -1, -1, -1, -1, 1, i, 1, -1, -1, -1, -1, 1, -1, 1],
[1, -1, 1, 1, -1, 1, -1, -1, 1, 1, 1, 1, 1, 1, 1, 1, 1, 1, -1, -1, 1, -1, 1, 1, -1, 1, 1, 1, -1, -1, -1, 1, -1, 1,
    -1, 1, -1, -1, -1, 1, 1, 1, 1, 1, -1, 1, 1, -1, 1, 1, -1, -1, -1, 1, 1, -1, -1, -1, 1, 1, -1, 1, 1, -1, 1,
    1, 1, -1, 1, -1, -1, -1, -1, 1, i, 1, -1, -1, -1, -1, 1, -1],
[1, 1, -1, 1, 1, -1, 1, -1, -1, 1, 1, 1, 1, 1, 1, 1, 1, 1, 1, -1, -1, 1, -1, 1, 1, -1, 1, 1, 1, -1, -1, -1, 1, -1,
    1, -1, 1, -1, -1, -1, 1, -1, 1, 1, 1, -1, 1, 1, -1, 1, 1, -1, -1, -1, 1, 1, -1, -1, -1, 1, 1, -1, 1, 1, -1,
    1, 1, 1, -1, 1, -1, -1, -1, -1, 1, i, 1, -1, -1, -1, -1, 1],
[1, 1, 1, -1, 1, 1, -1, 1, -1, -1, 1, 1, 1, 1, 1, 1, 1, 1, 1, 1, -1, -1, 1, -1, 1, 1, -1, 1, 1, 1, -1, -1, -1, 1,
    -1, 1, -1, 1, -1, -1, -1, 1, -1, 1, 1, 1, -1, 1, 1, -1, 1, 1, -1, -1, -1, 1, 1, -1, -1, -1, 1, 1, -1, 1, 1,
    -1, 1, 1, 1, -1, 1, -1, -1, -1, -1, 1, i, 1, -1, -1, -1, -1],
[-1, 1, 1, 1, -1, 1, 1, -1, 1, -1, -1, 1, 1, 1, 1, 1, 1, 1, 1, 1, 1, -1, -1, 1, -1, 1, 1, -1, 1, 1, 1, -1, -1, -1,
    1, -1, 1, -1, 1, -1, -1, -1, 1, -1, 1, 1, 1, -1, 1, 1, -1, 1, 1, -1, -1, -1, 1, 1, -1, -1, -1, 1, 1, -1, 1,
    1, -1, 1, 1, 1, -1, 1, -1, -1, -1, -1, 1, i, 1, -1, -1, -1],
[-1, -1, 1, 1, 1, -1, 1, 1, -1, 1, -1, -1, 1, 1, 1, 1, 1, 1, 1, 1, 1, 1, -1, -1, 1, -1, 1, 1, -1, 1, 1, 1, -1, -1,
    -1, 1, -1, 1, -1, 1, -1, -1, -1, 1, -1, 1, 1, 1, -1, 1, 1, -1, 1, 1, -1, -1, -1, 1, 1, -1, -1, -1, 1, 1,
    -1, 1, 1, -1, 1, 1, 1, -1, 1, -1, -1, -1, -1, 1, i, 1, -1, -1],
[-1, -1, -1, 1, 1, 1, -1, 1, 1, -1, 1, -1, -1, 1, 1, 1, 1, 1, 1, 1, 1, 1, 1, -1, -1, 1, -1, 1, 1, -1, 1, 1, 1, -1,
    -1, -1, 1, -1, 1, -1, 1, -1, -1, -1, 1, -1, 1, 1, 1, -1, 1, 1, -1, 1, 1, -1, -1, -1, 1, 1, -1, -1, -1, 1,
    1, -1, 1, 1, -1, 1, 1, 1, -1, 1, -1, -1, -1, -1, 1, i, 1, -1],
[1, -1, -1, -1, 1, 1, 1, -1, 1, 1, -1, 1, -1, -1, 1, 1, 1, 1, 1, 1, 1, 1, 1, 1, -1, -1, 1, -1, 1, 1, -1, 1, 1, 1,
    -1, -1, -1, 1, -1, 1, -1, -1, -1, -1, -1, 1, -1, 1, 1, 1, -1, 1, 1, -1, 1, 1, -1, -1, -1, 1, 1, -1, -1,
    -1, 1, 1, -1, 1, 1, -1, 1, 1, 1, -1, 1, -1, -1, -1, -1, 1, i, 1],
[-1, 1, -1, -1, -1, 1, 1, 1, -1, 1, 1, -1, 1, -1, -1, 1, 1, 1, 1, 1, 1, 1, 1, 1, 1, -1, -1, 1, -1, 1, 1, -1, 1, 1,
    1, -1, -1, -1, 1, -1, 1, 1, -1, -1, -1, -1, 1, -1, 1, 1, 1, -1, 1, 1, -1, 1, 1, -1, -1, -1, 1, 1, -1, -1,
    -1, 1, 1, -1, 1, 1, -1, 1, 1, 1, -1, 1, -1, -1, -1, -1, 1, i],
[i, -1, 1, 1, 1, 1, -1, 1, -1, -1, -1, 1, -1, -1, 1, -1, -1, 1, 1, 1, -1, -1, 1, 1, 1, -1, -1, 1, -1, -1, 1, -1,
    -1, -1, 1, -1, 1, 1, 1, 1, -1, 1, -1, 1, -1, -1, -1, 1, 1, 1, -1, 1, 1, -1, 1, -1, -1, 1, 1, 1, 1, 1, 1, 1,
    1, 1, 1, -1, -1, 1, -1, 1, 1, -1, 1, 1, 1, -1, -1, -1, 1, -1],
[-1, i, -1, 1, 1, 1, 1, -1, 1, -1, -1, -1, 1, -1, -1, 1, -1, -1, 1, 1, 1, -1, -1, 1, 1, 1, -1, -1, 1, -1, -1, 1,
    -1, -1, -1, 1, -1, 1, 1, 1, 1, -1, 1, -1, 1, -1, -1, -1, 1, 1, 1, -1, 1, 1, -1, 1, -1, -1, 1, 1, 1, 1, 1, 1,
    1, 1, 1, 1, -1, -1, 1, -1, 1, 1, -1, 1, 1, 1, -1, -1, -1, 1],
[1, -1, i, -1, 1, 1, 1, 1, -1, 1, -1, -1, -1, 1, -1, -1, 1, -1, -1, 1, 1, 1, -1, -1, 1, 1, 1, -1, -1, 1, -1, -1,
    1, -1, -1, -1, 1, -1, 1, 1, 1, 1, -1, 1, -1, 1, -1, -1, -1, 1, 1, 1, -1, 1, 1, -1, 1, -1, -1, 1, 1, 1, 1, 1,
    1, 1, 1, 1, 1, -1, -1, 1, -1, 1, 1, -1, 1, 1, 1, -1, -1, -1],
[1, 1, -1, i, -1, 1, 1, 1, 1, -1, 1, -1, -1, -1, 1, -1, -1, 1, -1, -1, 1, 1, 1, -1, -1, 1, 1, 1, -1, -1, 1, -1,
    -1, 1, -1, -1, -1, 1, -1, 1, 1, -1, 1, -1, 1, -1, 1, -1, -1, -1, 1, 1, 1, -1, 1, 1, -1, 1, -1, -1, 1, 1, 1,
    1, 1, 1, 1, 1, 1, 1, -1, -1, 1, -1, 1, 1, -1, 1, 1, 1, -1, -1],
[1, 1, 1, -1, i, -1, 1, 1, 1, 1, -1, 1, -1, -1, -1, 1, -1, -1, 1, -1, -1, 1, 1, 1, -1, -1, 1, 1, 1, -1, -1, 1,
    -1, -1, 1, -1, -1, -1, 1, -1, 1, -1, -1, 1, -1, 1, -1, 1, -1, -1, -1, 1, 1, 1, -1, 1, 1, -1, 1, -1, -1, 1,
    1, 1, 1, 1, 1, 1, 1, 1, 1, -1, -1, 1, -1, 1, 1, -1, 1, 1, 1, -1],
[1, 1, 1, 1, -1, i, -1, 1, 1, 1, 1, -1, 1, -1, -1, -1, 1, -1, -1, 1, -1, -1, 1, 1, 1, -1, -1, 1, 1, 1, -1, -1, 1,
    -1, -1, 1, -1, -1, -1, 1, -1, -1, -1, -1, 1, -1, 1, -1, 1, -1, -1, -1, 1, 1, 1, -1, 1, 1, -1, 1, -1, -1,
    1, 1, 1, 1, 1, 1, 1, 1, 1, 1, -1, -1, 1, -1, 1, 1, -1, 1, 1, 1],
[-1, 1, 1, 1, 1, -1, i, -1, 1, 1, 1, 1, -1, 1, -1, -1, -1, 1, -1, -1, 1, -1, -1, 1, 1, 1, -1, -1, 1, 1, 1, -1,
    -1, 1, -1, -1, 1, -1, -1, -1, 1, 1, -1, -1, -1, 1, -1, 1, -1, 1, -1, -1, -1, 1, 1, 1, -1, 1, 1, -1, 1, -1,
    -1, 1, 1, 1, 1, 1, 1, 1, 1, 1, 1, -1, -1, 1, -1, 1, 1, -1, 1, 1],
[1, -1, 1, 1, 1, 1, -1, i, -1, 1, 1, 1, 1, -1, 1, -1, -1, -1, 1, -1, -1, 1, -1, -1, 1, 1, 1, -1, -1, 1, 1, 1, -1,
    -1, 1, -1, -1, 1, -1, -1, -1, 1, 1, -1, -1, -1, 1, -1, 1, -1, 1, -1, -1, -1, 1, 1, 1, -1, 1, 1, -1, 1, -1,
    -1, 1, 1, 1, 1, 1, 1, 1, 1, 1, 1, -1, -1, 1, -1, 1, 1, -1, 1],
[-1, 1, -1, 1, 1, 1, 1, -1, i, -1, 1, 1, 1, 1, -1, 1, -1, -1, -1, 1, -1, -1, 1, -1, -1, 1, 1, 1, -1, -1, 1, 1, 1,
    -1, -1, 1, -1, -1, 1, -1, -1, 1, 1, 1, -1, -1, -1, 1, -1, 1, -1, 1, -1, -1, -1, 1, 1, 1, -1, 1, 1, -1, 1,
    -1, -1, 1, 1, 1, 1, 1, 1, 1, 1, 1, 1, -1, -1, 1, -1, 1, 1, -1],
[-1, -1, 1, -1, 1, 1, 1, 1, -1, i, -1, 1, 1, 1, 1, -1, 1, -1, -1, -1, 1, -1, -1, 1, -1, -1, 1, 1, 1, -1, -1, 1,
    1, 1, -1, -1, 1, -1, -1, 1, -1, -1, 1, 1, 1, -1, -1, -1, 1, -1, 1, -1, 1, -1, -1, -1, 1, 1, 1, -1, 1, 1,
    -1, 1, -1, -1, 1, 1, 1, 1, 1, 1, 1, 1, 1, 1, -1, -1, 1, -1, 1, 1],
[-1, -1, -1, 1, -1, 1, 1, 1, 1, -1, i, -1, 1, 1, 1, 1, -1, 1, -1, -1, -1, 1, -1, -1, 1, -1, -1, 1, 1, 1, -1, -1,
    1, 1, 1, -1, -1, 1, -1, -1, 1, 1, -1, 1, 1, 1, -1, -1, -1, 1, -1, 1, -1, 1, -1, -1, -1, 1, 1, 1, -1, 1, 1,
    -1, 1, -1, -1, 1, 1, 1, 1, 1, 1, 1, 1, 1, 1, -1, -1, 1, -1, 1],
[1, -1, -1, -1, 1, -1, 1, 1, 1, 1, -1, i, -1, 1, 1, 1, 1, -1, 1, -1, -1, -1, 1, -1, -1, 1, -1, -1, 1, 1, 1, -1,
    -1, 1, 1, 1, -1, -1, 1, -1, -1, 1, 1, -1, 1, 1, 1, -1, -1, -1, 1, -1, 1, -1, 1, -1, -1, -1, 1, 1, 1, -1, 1,
    1, -1, 1, -1, -1, 1, 1, 1, 1, 1, 1, 1, 1, 1, 1, -1, -1, 1, -1],
[-1, 1, -1, -1, -1, 1, -1, 1, 1, 1, 1, -1, i, -1, 1, 1, 1, 1, -1, 1, -1, -1, -1, 1, -1, -1, 1, -1, -1, 1, 1, 1,
    -1, -1, 1, 1, 1, -1, -1, 1, -1, -1, 1, 1, -1, 1, 1, 1, -1, -1, -1, 1, -1, 1, -1, 1, -1, -1, -1, 1, 1, 1,
    -1, 1, 1, -1, 1, -1, -1, 1, 1, 1, 1, 1, 1, 1, 1, 1, 1, -1, -1, 1],
[-1, -1, 1, -1, -1, -1, 1, -1, 1, 1, 1, 1, -1, i, -1, 1, 1, 1, 1, -1, 1, -1, -1, -1, 1, -1, -1, 1, -1, -1, 1, 1,
    1, -1, -1, 1, 1, 1, -1, -1, 1, 1, -1, 1, 1, -1, 1, 1, 1, -1, -1, -1, 1, -1, 1, -1, 1, -1, -1, -1, 1, 1, 1,
    -1, 1, 1, -1, 1, -1, -1, 1, 1, 1, 1, 1, 1, 1, 1, 1, 1, -1, -1],
[1, -1, -1, 1, -1, -1, -1, 1, -1, 1, 1, 1, 1, -1, i, -1, 1, 1, 1, 1, -1, 1, -1, -1, -1, 1, -1, -1, 1, -1, -1, 1,
    1, 1, -1, -1, 1, 1, 1, -1, -1, -1, 1, -1, 1, 1, -1, 1, 1, 1, -1, -1, -1, 1, -1, 1, -1, 1, -1, -1, -1, 1, 1,
    1, -1, 1, 1, -1, 1, -1, -1, 1, 1, 1, 1, 1, 1, 1, 1, 1, 1, -1],
[-1, 1, -1, -1, 1, -1, -1, -1, 1, -1, 1, 1, 1, 1, -1, i, -1, 1, 1, 1, 1, -1, 1, -1, -1, -1, 1, -1, -1, 1, -1,
    -1, 1, 1, 1, -1, -1, 1, 1, 1, -1, -1, -1, 1, -1, 1, 1, -1, 1, 1, 1, -1, -1, -1, 1, -1, 1, -1, 1, -1, -1,
    -1, 1, 1, 1, -1, 1, 1, -1, 1, -1, -1, 1, 1, 1, 1, 1, 1, 1, 1, 1, 1],
[-1, -1, 1, -1, -1, 1, -1, -1, -1, 1, -1, 1, 1, 1, 1, -1, i, -1, 1, 1, 1, 1, -1, 1, -1, -1, -1, 1, -1, -1, 1,
    -1, -1, 1, 1, 1, -1, -1, 1, 1, 1, 1, -1, -1, 1, -1, 1, 1, -1, 1, 1, 1, -1, -1, -1, 1, -1, 1, -1, 1, -1, -1,
    -1, 1, 1, 1, -1, 1, 1, -1, 1, -1, -1, 1, 1, 1, 1, 1, 1, 1, 1, 1],
[1, -1, -1, 1, -1, -1, 1, -1, -1, -1, 1, -1, 1, 1, 1, 1, -1, i, -1, 1, 1, 1, 1, -1, 1, -1, -1, -1, 1, -1, -1, 1,
    -1, -1, 1, 1, 1, -1, -1, 1, 1, 1, 1, -1, -1, 1, -1, 1, 1, -1, 1, 1, 1, -1, -1, -1, 1, -1, 1, -1, 1, -1, -1,
    -1, 1, 1, 1, -1, 1, 1, -1, 1, -1, -1, 1, 1, 1, 1, 1, 1, 1, 1],
[1, 1, -1, -1, 1, -1, -1, 1, -1, -1, -1, 1, -1, 1, 1, 1, 1, -1, i, -1, 1, 1, 1, 1, -1, 1, -1, -1, -1, 1, -1, -1,
    1, -1, -1, 1, 1, 1, -1, -1, 1, 1, 1, 1, -1, -1, 1, -1, 1, 1, -1, 1, 1, 1, -1, -1, -1, 1, -1, 1, -1, 1, -1,
    -1, -1, 1, 1, 1, -1, 1, 1, -1, 1, -1, -1, 1, 1, 1, 1, 1, 1, 1],
[1, 1, 1, -1, -1, 1, -1, -1, 1, -1, -1, -1, 1, -1, 1, 1, 1, 1, -1, i, -1, 1, 1, 1, 1, -1, 1, -1, -1, -1, 1, -1,
    -1, 1, -1, -1, 1, 1, 1, -1, -1, 1, 1, 1, 1, -1, -1, 1, -1, 1, 1, -1, 1, 1, 1, -1, -1, -1, 1, -1, 1, -1, 1,
    -1, -1, -1, 1, 1, 1, -1, 1, 1, -1, 1, -1, -1, 1, 1, 1, 1, 1, 1],
[-1, 1, 1, 1, -1, -1, 1, -1, -1, 1, -1, -1, -1, 1, -1, 1, 1, 1, 1, -1, i, -1, 1, 1, 1, 1, -1, 1, -1, -1, -1, 1,
    -1, -1, 1, -1, -1, 1, 1, 1, -1, 1, 1, 1, 1, 1, -1, -1, 1, -1, 1, 1, -1, 1, 1, 1, -1, -1, -1, 1, -1, 1, -1,
    1, -1, -1, -1, 1, 1, 1, -1, 1, 1, -1, 1, -1, -1, 1, 1, 1, 1, 1],
[-1, -1, 1, 1, 1, -1, -1, 1, -1, -1, 1, -1, -1, -1, 1, -1, 1, 1, 1, 1, -1, i, -1, 1, 1, 1, 1, -1, 1, -1, -1, -1,
    1, -1, -1, 1, -1, -1, 1, 1, 1, 1, 1, 1, 1, 1, 1, -1, -1, 1, -1, 1, 1, -1, 1, 1, 1, -1, -1, -1, 1, -1, 1, -1,
    1, -1, -1, -1, 1, 1, 1, -1, 1, 1, -1, 1, -1, -1, 1, 1, 1, 1],
[1, -1, -1, 1, 1, 1, -1, -1, 1, -1, -1, 1, -1, -1, -1, 1, -1, 1, 1, 1, 1, -1, i, -1, 1, 1, 1, 1, -1, 1, -1, -1,
    -1, 1, -1, -1, 1, -1, -1, 1, 1, 1, 1, 1, 1, 1, 1, 1, -1, -1, 1, -1, 1, 1, -1, 1, 1, 1, -1, -1, -1, 1, -1, 1,
    -1, 1, -1, -1, -1, 1, 1, 1, -1, 1, 1, -1, 1, -1, -1, 1, 1, 1],
[1, 1, -1, -1, 1, 1, 1, -1, -1, 1, -1, -1, 1, -1, -1, -1, 1, -1, 1, 1, 1, 1, -1, i, -1, 1, 1, 1, 1, -1, 1, -1,
    -1, -1, 1, -1, -1, 1, -1, -1, 1, 1, 1, 1, 1, 1, 1, 1, 1, -1, -1, 1, -1, 1, 1, -1, 1, 1, 1, -1, -1, -1, 1,
    -1, 1, -1, 1, -1, -1, -1, 1, 1, 1, -1, 1, 1, -1, 1, -1, -1, 1, 1],
[1, 1, 1, -1, -1, 1, 1, 1, -1, -1, 1, -1, -1, 1, -1, -1, -1, 1, -1, 1, 1, 1, 1, -1, i, -1, 1, 1, 1, 1, -1, 1, -1,
    -1, -1, 1, -1, -1, 1, -1, -1, 1, 1, 1, 1, 1, 1, 1, 1, 1, -1, -1, 1, -1, 1, 1, -1, 1, 1, 1, -1, -1, -1, 1,
    -1, 1, -1, 1, -1, -1, -1, 1, 1, 1, -1, 1, 1, -1, 1, -1, -1, 1],
[-1, 1, 1, 1, -1, -1, 1, 1, 1, -1, -1, 1, -1, -1, 1, -1, -1, -1, 1, -1, 1, 1, 1, 1, -1, i, -1, 1, 1, 1, 1, -1, 1,
    -1, -1, -1, 1, -1, -1, 1, -1, 1, 1, 1, 1, 1, 1, 1, 1, 1, 1, -1, -1, 1, -1, 1, 1, -1, 1, 1, 1, -1, -1, -1, 1,
    -1, 1, -1, 1, -1, -1, -1, 1, 1, 1, -1, 1, 1, -1, 1, -1, -1],
[-1, -1, 1, 1, 1, -1, -1, 1, 1, 1, -1, -1, 1, -1, -1, 1, -1, -1, -1, 1, -1, 1, 1, 1, 1, -1, i, -1, 1, 1, 1, 1,
    -1, 1, -1, -1, -1, 1, -1, -1, 1, -1, 1, 1, 1, 1, 1, 1, 1, 1, 1, 1, -1, -1, 1, -1, 1, 1, -1, 1, 1, 1, -1, -1,
    -1, 1, -1, 1, -1, 1, -1, -1, -1, 1, 1, 1, -1, 1, 1, -1, 1, -1],
[1, -1, -1, 1, 1, 1, -1, -1, 1, 1, 1, -1, -1, 1, -1, -1, 1, -1, -1, -1, 1, -1, 1, 1, 1, 1, -1, i, -1, 1, 1, 1, 1,
    -1, 1, -1, -1, -1, 1, -1, -1, -1, -1, 1, 1, 1, 1, 1, 1, 1, 1, 1, 1, -1, -1, 1, -1, 1, 1, -1, 1, 1, 1, -1,
    -1, -1, 1, -1, 1, -1, 1, -1, -1, -1, 1, 1, 1, -1, 1, 1, -1, 1],
[-1, 1, -1, -1, 1, 1, 1, -1, -1, 1, 1, 1, -1, -1, 1, -1, -1, 1, -1, -1, -1, 1, -1, 1, 1, 1, 1, -1, i, -1, 1, 1,
    1, 1, -1, 1, -1, -1, -1, 1, -1, 1, -1, -1, 1, 1, 1, 1, 1, 1, 1, 1, 1, 1, -1, -1, 1, -1, 1, 1, -1, 1, 1, 1,
    -1, -1, -1, 1, -1, 1, -1, 1, -1, -1, -1, 1, 1, 1, -1, 1, 1, -1],
[-1, -1, 1, -1, -1, 1, 1, 1, -1, -1, 1, 1, 1, -1, -1, 1, -1, -1, 1, -1, -1, -1, 1, -1, 1, 1, 1, 1, -1, i, -1, 1,
    1, 1, 1, -1, 1, -1, -1, -1, 1, -1, 1, -1, -1, 1, 1, 1, 1, 1, 1, 1, 1, 1, 1, -1, -1, 1, -1, 1, 1, -1, 1, 1, 1,
    -1, -1, -1, 1, -1, 1, -1, 1, -1, -1, -1, 1, 1, 1, -1, 1, 1],
[1, -1, -1, 1, -1, -1, 1, 1, 1, -1, -1, 1, 1, 1, -1, -1, 1, -1, -1, 1, -1, -1, -1, 1, -1, 1, 1, 1, 1, -1, i, -1,
    1, 1, 1, 1, -1, 1, -1, -1, -1, 1, -1, 1, -1, -1, 1, 1, 1, 1, 1, 1, 1, 1, 1, 1, -1, -1, 1, -1, 1, 1, -1, 1, 1,
    1, -1, -1, -1, 1, -1, 1, -1, 1, -1, -1, -1, 1, 1, 1, -1, 1],
[-1, 1, -1, -1, 1, -1, -1, 1, 1, 1, -1, -1, 1, 1, 1, -1, -1, 1, -1, -1, 1, -1, -1, -1, 1, -1, 1, 1, 1, 1, -1, i,
    -1, 1, 1, 1, 1, -1, 1, -1, -1, 1, 1, -1, 1, -1, -1, 1, 1, 1, 1, 1, 1, 1, 1, 1, 1, -1, -1, 1, -1, 1, 1, -1, 1,
    1, 1, -1, -1, -1, 1, -1, 1, -1, 1, -1, -1, -1, 1, 1, 1, -1],
[-1, -1, 1, -1, -1, 1, -1, -1, 1, 1, 1, -1, -1, 1, 1, 1, -1, -1, 1, -1, -1, 1, -1, -1, -1, 1, -1, 1, 1, 1, 1,
    -1, i, -1, 1, 1, 1, 1, -1, 1, -1, -1, 1, 1, -1, 1, -1, -1, 1, 1, 1, 1, 1, 1, 1, 1, 1, 1, -1, -1, 1, -1, 1, 1,
    -1, 1, 1, 1, -1, -1, -1, 1, -1, 1, -1, 1, -1, -1, -1, 1, 1, 1],
[-1, -1, -1, 1, -1, -1, 1, -1, -1, 1, 1, 1, -1, -1, 1, 1, 1, -1, -1, 1, -1, -1, 1, -1, -1, -1, 1, -1, 1, 1, 1,
    1, -1, i, -1, 1, 1, 1, 1, -1, 1, 1, -1, 1, 1, -1, 1, -1, -1, 1, 1, 1, 1, 1, 1, 1, 1, 1, 1, -1, -1, 1, -1, 1,
    1, -1, 1, 1, 1, -1, -1, -1, 1, -1, 1, -1, 1, -1, -1, -1, 1, 1],
[1, -1, -1, -1, 1, -1, -1, 1, -1, -1, 1, 1, 1, -1, -1, 1, 1, 1, -1, -1, 1, -1, -1, 1, -1, -1, -1, 1, -1, 1, 1,
    1, 1, -1, i, -1, 1, 1, 1, 1, -1, 1, 1, -1, 1, 1, -1, 1, -1, -1, 1, 1, 1, 1, 1, 1, 1, 1, 1, 1, -1, -1, 1, -1,
    1, 1, -1, 1, 1, 1, -1, -1, -1, 1, -1, 1, -1, 1, -1, -1, -1, 1],
[-1, 1, -1, -1, -1, 1, -1, -1, 1, -1, -1, 1, 1, 1, -1, -1, 1, 1, 1, -1, -1, 1, -1, -1, 1, -1, -1, -1, 1, -1, 1,
    1, 1, 1, -1, i, -1, 1, 1, 1, 1, 1, 1, 1, -1, 1, 1, -1, 1, -1, -1, 1, 1, 1, 1, 1, 1, 1, 1, 1, 1, -1, -1, 1, -1,
    1, 1, -1, 1, 1, 1, -1, -1, -1, 1, -1, 1, -1, 1, -1, -1, -1],
[1, -1, 1, -1, -1, -1, 1, -1, -1, 1, -1, -1, 1, 1, 1, -1, -1, 1, 1, 1, -1, -1, 1, -1, -1, 1, -1, -1, -1, 1, -1,
    1, 1, 1, 1, -1, i, -1, 1, 1, 1, -1, 1, 1, 1, -1, 1, 1, -1, 1, -1, -1, 1, 1, 1, 1, 1, 1, 1, 1, 1, 1, -1, -1, 1,
    -1, 1, 1, -1, 1, 1, 1, -1, -1, -1, 1, -1, 1, -1, 1, -1, -1],
[1, 1, -1, 1, -1, -1, -1, 1, -1, -1, 1, -1, -1, 1, 1, 1, -1, -1, 1, 1, 1, -1, -1, 1, -1, -1, 1, -1, -1, -1, 1,
    -1, 1, 1, 1, 1, -1, i, -1, 1, 1, -1, -1, 1, 1, 1, -1, 1, 1, -1, 1, -1, -1, 1, 1, 1, 1, 1, 1, 1, 1, 1, 1, -1,
    -1, 1, -1, 1, 1, -1, 1, 1, 1, -1, -1, -1, 1, -1, 1, -1, 1, -1],
[1, 1, 1, -1, 1, -1, -1, -1, 1, -1, -1, 1, -1, -1, 1, 1, 1, -1, -1, 1, 1, 1, -1, -1, 1, -1, -1, 1, -1, -1, -1,
    1, -1, 1, 1, 1, 1, -1, i, -1, 1, -1, -1, -1, 1, 1, 1, -1, 1, 1, -1, 1, -1, -1, 1, 1, 1, 1, 1, 1, 1, 1, 1, 1,
    -1, -1, 1, -1, 1, 1, -1, 1, 1, 1, -1, -1, -1, 1, -1, 1, -1, 1],
[1, 1, 1, 1, -1, 1, -1, -1, -1, 1, -1, -1, 1, -1, -1, 1, 1, 1, -1, -1, 1, 1, 1, -1, -1, 1, -1, -1, 1, -1, -1,
    -1, 1, -1, 1, 1, 1, 1, -1, i, -1, 1, -1, -1, -1, 1, 1, 1, -1, 1, 1, -1, 1, -1, -1, 1, 1, 1, 1, 1, 1, 1, 1, 1,
    1, -1, -1, 1, -1, 1, 1, -1, 1, 1, 1, -1, -1, -1, 1, -1, 1, -1],
[-1, 1, 1, 1, 1, -1, 1, -1, -1, -1, 1, -1, -1, 1, -1, -1, 1, 1, 1, -1, -1, 1, 1, 1, -1, -1, 1, -1, -1, 1, -1,
    -1, -1, 1, -1, 1, 1, 1, 1, -1, i, -1, 1, -1, -1, -1, 1, 1, 1, -1, 1, 1, -1, 1, -1, -1, 1, 1, 1, 1, 1, 1, 1,
    1, 1, 1, -1, -1, 1, -1, 1, 1, -1, 1, 1, 1, -1, -1, -1, 1, -1, 1]
],
[ // 2nd
[i, 1, 1, 1, 1, 1, 1, 1, 1, 1, 1, 1, 1, 1, 1, 1, 1, 1, 1, 1, 1, 1, 1, 1, 1, 1, 1, 1, 1, 1, 1, 1, 1, 1, 1, 1, 1, 1, 1, 1,
    1, 1, 1, 1, 1, 1, 1, 1, 1, 1, 1, 1, 1, 1, 1, 1, 1, 1, 1, 1, 1, 1, 1, 1, 1, 1, 1, 1, 1, 1, 1, 1, 1, 1, 1, 1, 1, 1,
    1, 1, 1, 1],
[1, i, 1, -1, 1, -1, 1, -1, 1, -1, 1, -1, 1, -1, 1, -1, 1, -1, 1, -1, 1, -1, 1, -1, 1, -1, 1, -1, 1, -1, 1, -1,
    1, -1, 1, -1, 1, -1, 1, -1, 1, -1, 1, -1, 1, -1, 1, -1, 1, -1, 1, -1, 1, -1, 1, -1, 1, -1, 1, -1, 1, -1, 1,
    -1, 1, -1, 1, -1, 1, -1, 1, -1, 1, -1, 1, -1, 1, -1, 1, -1, 1, -1],
[1, 1, i, -1, -1, -1, -1, -1, -1, 1, 1, -1, 1, -1, -1, -1, 1, -1, -1, -1, -1, -1, 1, 1, 1, 1, 1, 1, -1, -1, -1,
    1, 1, -1, -1, -1, 1, 1, -1, -1, 1, -1, 1, 1, 1, 1, -1, -1, 1, 1, -1, 1, 1, -1, -1, 1, -1, -1, 1, -1, 1, -1,
    1, 1, -1, 1, -1, 1, 1, 1, -1, 1, 1, 1, 1, -1, -1, 1, -1, 1, -1, 1],
[1, -1, -1, i, 1, 1, 1, 1, 1, 1, -1, -1, 1, -1, 1, 1, 1, -1, 1, 1, 1, 1, 1, -1, -1, -1, -1, -1, -1, 1, 1, 1, -1,
    -1, 1, 1, 1, -1, -1, 1, 1, -1, 1, -1, -1, -1, -1, 1, 1, -1, -1, 1, -1, -1, 1, 1, -1, 1, 1, -1, 1, -1, 1,
    -1, -1, 1, -1, 1, -1, -1, -1, 1, -1, -1, -1, -1, 1, 1, -1, 1, -1, 1],
[1, 1, -1, 1, i, -1, -1, -1, -1, -1, -1, 1, 1, -1, 1, -1, -1, -1, 1, -1, -1, -1, -1, -1, 1, 1, 1, 1, 1, 1, -1,
    -1, -1, 1, 1, -1, -1, -1, 1, 1, -1, -1, 1, -1, 1, 1, 1, 1, -1, -1, 1, 1, -1, 1, 1, -1, -1, 1, -1, -1, 1,
    -1, 1, -1, 1, 1, -1, 1, -1, 1, 1, 1, -1, 1, 1, 1, 1, -1, -1, 1, -1, 1],
[1, -1, -1, 1, -1, i, 1, 1, 1, 1, 1, 1, -1, -1, 1, -1, 1, 1, 1, -1, 1, 1, 1, 1, 1, -1, -1, -1, -1, -1, -1, 1, 1,
    1, -1, -1, 1, 1, 1, -1, -1, 1, 1, -1, 1, -1, -1, -1, -1, 1, 1, -1, -1, 1, -1, -1, 1, 1, -1, 1, 1, -1, 1,
    -1, 1, -1, -1, 1, -1, 1, -1, -1, -1, 1, -1, -1, -1, -1, 1, 1, -1, 1],
[1, 1, -1, 1, -1, 1, i, -1, -1, -1, -1, -1, -1, 1, 1, -1, 1, -1, -1, -1, 1, -1, -1, -1, -1, -1, 1, 1, 1, 1, 1,
    1, -1, -1, -1, 1, 1, -1, -1, -1, 1, 1, -1, -1, 1, -1, 1, 1, 1, 1, -1, -1, 1, 1, -1, 1, 1, -1, -1, 1, -1,
    -1, 1, -1, 1, -1, 1, 1, -1, 1, -1, 1, 1, 1, -1, 1, 1, 1, 1, -1, -1, 1],
[1, -1, -1, 1, -1, 1, -1, i, 1, 1, 1, 1, 1, 1, -1, -1, 1, -1, 1, 1, 1, -1, 1, 1, 1, 1, 1, -1, -1, -1, -1, -1, -1,
    1, 1, 1, -1, -1, 1, 1, 1, -1, -1, 1, 1, -1, 1, -1, -1, -1, -1, 1, 1, -1, -1, 1, -1, -1, 1, 1, -1, 1, 1, -1,
    1, -1, 1, -1, -1, 1, -1, 1, -1, -1, -1, 1, -1, -1, -1, -1, 1, 1],
[1, 1, -1, 1, -1, 1, -1, 1, i, -1, -1, -1, -1, -1, -1, 1, 1, -1, 1, -1, -1, -1, 1, -1, -1, -1, -1, -1, 1, 1, 1,
    1, 1, 1, -1, -1, -1, 1, 1, -1, -1, -1, 1, 1, -1, -1, 1, -1, 1, 1, 1, 1, -1, -1, 1, 1, -1, 1, 1, -1, -1, 1,
    -1, -1, 1, -1, 1, -1, 1, 1, -1, 1, -1, 1, 1, 1, -1, 1, 1, 1, 1, -1],
[1, -1, 1, 1, -1, 1, -1, 1, -1, i, 1, 1, 1, 1, 1, 1, -1, -1, 1, -1, 1, 1, 1, -1, 1, 1, 1, 1, 1, -1, -1, -1, -1,
    -1, -1, 1, 1, 1, -1, -1, 1, 1, 1, -1, -1, 1, 1, -1, 1, -1, -1, -1, -1, 1, 1, -1, -1, 1, -1, -1, 1, 1, -1,
    1, 1, -1, 1, -1, 1, -1, -1, 1, -1, 1, -1, -1, -1, 1, -1, -1, -1, -1],
[1, 1, 1, -1, -1, 1, -1, 1, -1, 1, i, -1, -1, -1, -1, -1, -1, 1, 1, -1, 1, -1, -1, -1, 1, -1, -1, -1, -1, -1,
    1, 1, 1, 1, 1, 1, -1, -1, -1, 1, 1, -1, -1, -1, 1, 1, -1, -1, 1, -1, 1, 1, 1, 1, -1, -1, 1, 1, -1, 1, 1, -1,
    -1, 1, -1, -1, 1, -1, 1, -1, 1, 1, -1, 1, -1, 1, 1, 1, -1, 1, 1, 1],
[1, -1, -1, -1, 1, 1, -1, 1, -1, 1, -1, i, 1, 1, 1, 1, 1, 1, -1, -1, 1, -1, 1, 1, 1, -1, 1, 1, 1, 1, 1, -1, -1,
    -1, -1, -1, -1, 1, 1, 1, -1, -1, 1, 1, 1, -1, -1, 1, 1, -1, 1, -1, -1, -1, -1, 1, 1, -1, -1, 1, -1, -1, 1,
    1, -1, 1, 1, -1, 1, -1, 1, -1, -1, 1, -1, 1, -1, -1, -1, 1, -1, -1],
[1, 1, 1, 1, 1, -1, -1, 1, -1, 1, -1, 1, i, -1, -1, -1, -1, -1, -1, 1, 1, -1, 1, -1, -1, -1, 1, -1, -1, -1, -1,
    -1, 1, 1, 1, 1, 1, 1, -1, -1, -1, 1, 1, -1, -1, -1, 1, 1, -1, -1, 1, -1, 1, 1, 1, 1, -1, -1, 1, 1, -1, 1, 1,
    -1, -1, 1, -1, -1, 1, -1, 1, -1, 1, 1, -1, 1, -1, 1, 1, 1, -1, 1],
[1, -1, -1, -1, -1, -1, 1, 1, -1, 1, -1, 1, -1, i, 1, 1, 1, 1, 1, 1, -1, -1, 1, -1, 1, 1, 1, -1, 1, 1, 1, 1, 1,
    -1, -1, -1, -1, -1, -1, 1, 1, 1, -1, -1, 1, 1, 1, -1, -1, 1, 1, -1, 1, -1, -1, -1, -1, 1, 1, -1, -1, 1,
    -1, -1, 1, 1, -1, 1, 1, -1, 1, -1, 1, -1, -1, 1, -1, 1, -1, -1, -1, 1],
[1, 1, -1, 1, 1, 1, 1, -1, -1, 1, -1, 1, -1, 1, i, -1, -1, -1, -1, -1, -1, 1, 1, -1, 1, -1, -1, -1, 1, -1, -1,
    -1, -1, -1, 1, 1, 1, 1, 1, 1, -1, -1, -1, 1, 1, -1, -1, -1, 1, 1, -1, -1, 1, -1, 1, 1, 1, 1, -1, -1, 1, 1,
    -1, 1, 1, -1, -1, 1, -1, -1, 1, -1, 1, -1, 1, 1, -1, 1, -1, 1, 1, 1],
[1, -1, -1, 1, -1, -1, -1, -1, 1, 1, -1, 1, -1, 1, -1, i, 1, 1, 1, 1, 1, 1, -1, -1, 1, -1, 1, 1, 1, -1, 1, 1, 1,
    1, 1, -1, -1, -1, -1, -1, -1, 1, 1, 1, -1, -1, 1, 1, 1, -1, -1, 1, 1, -1, 1, -1, -1, -1, -1, 1, 1, -1, -1,
    1, -1, -1, 1, 1, -1, 1, 1, -1, 1, -1, 1, -1, -1, 1, -1, 1, -1, -1],
[1, 1, 1, 1, -1, 1, 1, 1, 1, -1, -1, 1, -1, 1, -1, 1, i, -1, -1, -1, -1, -1, -1, 1, 1, -1, 1, -1, -1, -1, 1, -1,
    -1, -1, -1, -1, 1, 1, 1, 1, 1, 1, -1, -1, -1, 1, 1, -1, -1, -1, 1, 1, -1, -1, 1, -1, 1, 1, 1, 1, -1, -1, 1,
    1, -1, 1, 1, -1, -1, 1, -1, -1, 1, -1, 1, -1, 1, 1, -1, 1, -1, 1],
[1, -1, -1, -1, -1, 1, -1, -1, -1, -1, 1, 1, -1, 1, -1, 1, -1, i, 1, 1, 1, 1, 1, 1, -1, -1, 1, -1, 1, 1, 1, -1,
    1, 1, 1, 1, 1, -1, -1, -1, -1, -1, -1, 1, 1, 1, -1, -1, 1, 1, 1, -1, -1, 1, 1, -1, 1, -1, -1, -1, -1, 1, 1,
    -1, -1, 1, -1, -1, 1, 1, -1, 1, 1, -1, 1, -1, 1, -1, -1, 1, -1, 1],
[1, 1, -1, 1, 1, 1, -1, 1, 1, 1, 1, -1, -1, 1, -1, 1, -1, 1, i, -1, -1, -1, -1, -1, -1, 1, 1, -1, 1, -1, -1, -1,
    1, -1, -1, -1, -1, -1, 1, 1, 1, 1, 1, 1, -1, -1, -1, 1, 1, -1, -1, -1, 1, 1, -1, -1, 1, -1, 1, 1, 1, 1, -1,
    -1, 1, 1, -1, 1, 1, -1, -1, 1, -1, -1, 1, -1, 1, -1, 1, 1, -1, 1],
[1, -1, -1, 1, -1, -1, -1, 1, -1, -1, -1, -1, 1, 1, -1, 1, -1, 1, -1, i, 1, 1, 1, 1, 1, 1, -1, -1, 1, -1, 1, 1,
    1, -1, 1, 1, 1, 1, 1, -1, -1, -1, -1, -1, -1, 1, 1, 1, -1, -1, 1, 1, 1, -1, -1, 1, 1, -1, 1, -1, -1, -1,
    -1, 1, 1, -1, -1, 1, -1, -1, 1, 1, -1, 1, 1, -1, 1, -1, 1, -1, -1, 1],
[1, 1, -1, 1, -1, 1, 1, 1, -1, 1, 1, 1, 1, -1, -1, 1, -1, 1, -1, 1, i, -1, -1, -1, -1, -1, -1, 1, 1, -1, 1, -1,
    -1, -1, 1, -1, -1, -1, -1, -1, 1, 1, 1, 1, 1, 1, -1, -1, -1, 1, 1, -1, -1, -1, 1, 1, -1, -1, 1, -1, 1, 1,
    1, 1, -1, -1, 1, 1, -1, 1, 1, -1, -1, 1, -1, -1, 1, -1, 1, -1, 1, 1],
[1, -1, -1, 1, -1, 1, -1, -1, -1, 1, -1, -1, -1, -1, 1, 1, -1, 1, -1, 1, -1, i, 1, 1, 1, 1, 1, 1, -1, -1, 1, -1,
    1, 1, 1, -1, 1, 1, 1, 1, 1, -1, -1, -1, -1, -1, -1, 1, 1, 1, -1, -1, 1, 1, 1, -1, -1, 1, 1, -1, 1, -1, -1,
    -1, -1, 1, 1, -1, -1, 1, -1, -1, 1, 1, -1, 1, 1, -1, 1, -1, 1, -1],
[1, 1, 1, 1, -1, 1, -1, 1, 1, 1, -1, 1, 1, 1, 1, -1, -1, 1, -1, 1, -1, 1, i, -1, -1, -1, -1, -1, -1, 1, 1, -1, 1,
    -1, -1, -1, 1, -1, -1, -1, -1, -1, 1, 1, 1, 1, 1, 1, -1, -1, -1, 1, 1, -1, -1, -1, 1, 1, -1, -1, 1, -1, 1,
    1, 1, 1, -1, -1, 1, 1, -1, 1, 1, -1, -1, 1, -1, -1, 1, -1, 1, -1],
[1, -1, 1, -1, -1, 1, -1, 1, -1, -1, -1, 1, -1, -1, -1, -1, 1, 1, -1, 1, -1, 1, -1, i, 1, 1, 1, 1, 1, 1, -1, -1,
    1, -1, 1, 1, 1, -1, 1, 1, 1, 1, 1, -1, -1, -1, -1, -1, -1, 1, 1, 1, -1, -1, 1, 1, 1, -1, -1, 1, 1, -1, 1,
    -1, -1, -1, -1, 1, 1, -1, -1, 1, -1, -1, 1, 1, -1, 1, 1, -1, 1, -1],
[1, 1, 1, -1, 1, 1, -1, 1, -1, 1, 1, 1, -1, 1, 1, 1, 1, -1, -1, 1, -1, 1, -1, 1, i, -1, -1, -1, -1, -1, -1, 1, 1,
    -1, 1, -1, -1, -1, 1, -1, -1, -1, -1, -1, 1, 1, 1, 1, 1, 1, -1, -1, -1, 1, 1, -1, -1, -1, 1, 1, -1, -1, 1,
    -1, 1, 1, 1, 1, -1, -1, 1, 1, -1, 1, 1, -1, -1, 1, -1, -1, 1, -1],
[1, -1, 1, -1, 1, -1, -1, 1, -1, 1, -1, -1, -1, 1, -1, -1, -1, -1, 1, 1, -1, 1, -1, 1, -1, i, 1, 1, 1, 1, 1, 1,
    -1, -1, 1, -1, 1, 1, 1, -1, 1, 1, 1, 1, 1, -1, -1, -1, -1, -1, -1, 1, 1, 1, -1, -1, 1, 1, 1, -1, -1, 1, 1,
    -1, 1, -1, -1, -1, -1, 1, 1, -1, -1, 1, -1, -1, 1, 1, -1, 1, 1, -1],
[1, 1, 1, -1, 1, -1, 1, 1, -1, 1, -1, 1, 1, 1, -1, 1, 1, 1, 1, -1, -1, 1, -1, 1, -1, 1, i, -1, -1, -1, -1, -1,
    -1, 1, 1, -1, 1, -1, -1, -1, 1, -1, -1, -1, -1, -1, 1, 1, 1, 1, 1, 1, -1, -1, -1, 1, 1, -1, -1, -1, 1, 1,
    -1, -1, 1, -1, 1, 1, 1, 1, -1, -1, 1, 1, -1, 1, 1, -1, -1, 1, -1, -1],
[1, -1, 1, -1, 1, -1, 1, -1, -1, 1, -1, 1, -1, -1, -1, 1, -1, -1, -1, -1, 1, 1, -1, 1, -1, 1, -1, i, 1, 1, 1, 1,
    1, 1, -1, -1, 1, -1, 1, 1, 1, -1, 1, 1, 1, 1, 1, -1, -1, -1, -1, -1, -1, 1, 1, 1, -1, -1, 1, 1, 1, -1, -1,
    1, 1, -1, 1, -1, -1, -1, -1, 1, 1, -1, -1, 1, -1, -1, 1, 1, -1, 1],
[1, 1, -1, -1, 1, -1, 1, -1, 1, 1, -1, 1, -1, 1, 1, 1, -1, 1, 1, 1, 1, -1, -1, 1, -1, 1, -1, 1, i, -1, -1, -1,
    -1, -1, -1, 1, 1, -1, 1, -1, -1, -1, 1, -1, -1, -1, -1, -1, 1, 1, 1, 1, 1, 1, -1, -1, -1, 1, 1, -1, -1,
    -1, 1, 1, -1, -1, 1, -1, 1, 1, 1, 1, -1, -1, 1, 1, -1, 1, 1, -1, -1, 1],
[1, -1, -1, 1, 1, -1, 1, -1, 1, -1, -1, 1, -1, 1, -1, -1, -1, 1, -1, -1, -1, -1, 1, 1, -1, 1, -1, 1, -1, i, 1,
    1, 1, 1, 1, 1, -1, -1, 1, -1, 1, 1, 1, -1, 1, 1, 1, 1, 1, -1, -1, -1, -1, -1, -1, 1, 1, 1, -1, -1, 1, 1, 1,
    -1, -1, 1, 1, -1, 1, -1, -1, -1, -1, 1, 1, -1, -1, 1, -1, -1, 1, 1],
[1, 1, -1, 1, -1, -1, 1, -1, 1, -1, 1, 1, -1, 1, -1, 1, 1, 1, -1, 1, 1, 1, 1, -1, -1, 1, -1, 1, -1, 1, i, -1, -1,
    -1, -1, -1, -1, 1, 1, -1, 1, -1, -1, -1, 1, -1, -1, -1, -1, -1, 1, 1, 1, 1, 1, 1, -1, -1, -1, 1, 1, -1,
    -1, -1, 1, 1, -1, -1, 1, -1, 1, 1, 1, 1, -1, -1, 1, 1, -1, 1, 1, -1],
[1, -1, 1, 1, -1, 1, 1, -1, 1, -1, 1, -1, -1, 1, -1, 1, -1, -1, -1, 1, -1, -1, -1, -1, 1, 1, -1, 1, -1, 1, -1,
    i, 1, 1, 1, 1, 1, 1, -1, -1, 1, -1, 1, 1, 1, -1, 1, 1, 1, 1, 1, -1, -1, -1, -1, -1, -1, 1, 1, 1, -1, -1, 1,
    1, 1, -1, -1, 1, 1, -1, 1, -1, -1, -1, -1, 1, 1, -1, -1, 1, -1, -1],
[1, 1, 1, -1, -1, 1, -1, -1, 1, -1, 1, -1, 1, 1, -1, 1, -1, 1, 1, 1, -1, 1, 1, 1, 1, -1, -1, 1, -1, 1, -1, 1, i,
    -1, -1, -1, -1, -1, -1, 1, 1, -1, 1, -1, -1, -1, 1, -1, -1, -1, -1, -1, 1, 1, 1, 1, 1, 1, -1, -1, -1, 1,
    1, -1, -1, -1, 1, 1, -1, -1, 1, -1, 1, 1, 1, 1, -1, -1, 1, 1, -1, 1],
[1, -1, -1, -1, 1, 1, -1, 1, 1, -1, 1, -1, 1, -1, -1, 1, -1, 1, -1, -1, -1, 1, -1, -1, -1, -1, 1, 1, -1, 1, -1,
    1, -1, i, 1, 1, 1, 1, 1, 1, -1, -1, 1, -1, 1, 1, 1, -1, 1, 1, 1, 1, 1, -1, -1, -1, -1, -1, -1, 1, 1, 1, -1,
    -1, 1, 1, 1, -1, -1, 1, 1, -1, 1, -1, -1, -1, -1, 1, 1, -1, -1, 1],
[1, 1, -1, 1, 1, -1, -1, 1, -1, -1, 1, -1, 1, -1, 1, 1, -1, 1, -1, 1, 1, 1, -1, 1, 1, 1, 1, -1, -1, 1, -1, 1, -1,
    1, i, -1, -1, -1, -1, -1, -1, 1, 1, -1, 1, -1, -1, -1, 1, -1, -1, -1, -1, -1, 1, 1, 1, 1, 1, 1, -1, -1,
    -1, 1, 1, -1, -1, -1, 1, 1, -1, -1, 1, -1, 1, 1, 1, 1, -1, -1, 1, 1],
[1, -1, -1, 1, -1, -1, 1, 1, -1, 1, 1, -1, 1, -1, 1, -1, -1, 1, -1, 1, -1, -1, -1, 1, -1, -1, -1, -1, 1, 1, -1,
    1, -1, 1, -1, i, 1, 1, 1, 1, 1, 1, -1, -1, 1, -1, 1, 1, 1, -1, 1, 1, 1, 1, 1, -1, -1, -1, -1, -1, -1, 1, 1,
    1, -1, -1, 1, 1, 1, -1, -1, 1, 1, -1, 1, -1, -1, -1, -1, 1, 1, -1],
[1, 1, 1, 1, -1, 1, 1, -1, -1, 1, -1, -1, 1, -1, 1, -1, 1, 1, -1, 1, -1, 1, 1, 1, -1, 1, 1, 1, 1, -1, -1, 1, -1,
    1, -1, 1, i, -1, -1, -1, -1, -1, -1, 1, 1, -1, 1, -1, -1, -1, 1, -1, -1, -1, -1, -1, 1, 1, 1, 1, 1, 1, -1,
    -1, -1, 1, 1, -1, -1, -1, 1, 1, -1, -1, 1, -1, 1, 1, 1, 1, -1, -1],
[1, -1, 1, -1, -1, 1, -1, -1, 1, 1, -1, 1, 1, -1, 1, -1, 1, -1, -1, 1, -1, 1, -1, -1, -1, 1, -1, -1, -1, -1, 1,
    1, -1, 1, -1, 1, -1, i, 1, 1, 1, 1, 1, 1, -1, -1, 1, -1, 1, 1, 1, -1, 1, 1, 1, 1, 1, -1, -1, -1, -1, -1, -1,
    1, 1, 1, -1, -1, 1, 1, 1, -1, -1, 1, 1, -1, 1, -1, -1, -1, -1, 1],
[1, 1, -1, -1, 1, 1, -1, 1, 1, -1, -1, 1, -1, -1, 1, -1, 1, -1, 1, 1, -1, 1, -1, 1, 1, 1, -1, 1, 1, 1, 1, -1, -1,
    1, -1, 1, -1, 1, i, -1, -1, -1, -1, -1, -1, 1, 1, -1, 1, -1, -1, -1, 1, -1, -1, -1, -1, -1, 1, 1, 1, 1, 1,
    1, -1, -1, -1, 1, 1, -1, -1, -1, 1, 1, -1, -1, 1, -1, 1, 1, 1, 1],
[1, -1, -1, 1, 1, -1, -1, 1, -1, -1, 1, 1, -1, 1, 1, -1, 1, -1, 1, -1, -1, 1, -1, 1, -1, -1, -1, 1, -1, -1, -1,
    -1, 1, 1, -1, 1, -1, 1, -1, i, 1, 1, 1, 1, 1, 1, -1, -1, 1, -1, 1, 1, 1, -1, 1, 1, 1, 1, 1, -1, -1, -1, -1,
    -1, -1, 1, 1, 1, -1, -1, 1, 1, 1, -1, -1, 1, 1, -1, 1, -1, -1, -1],
[1, 1, 1, 1, -1, -1, 1, 1, -1, 1, 1, -1, -1, 1, -1, -1, 1, -1, 1, -1, 1, 1, -1, 1, -1, 1, 1, 1, -1, 1, 1, 1, 1,
    -1, -1, 1, -1, 1, -1, 1, i, -1, -1, -1, -1, -1, -1, 1, 1, -1, 1, -1, -1, -1, 1, -1, -1, -1, -1, -1, 1, 1,
    1, 1, 1, 1, -1, -1, -1, 1, 1, -1, -1, -1, 1, 1, -1, -1, 1, -1, 1, 1],
[1, -1, -1, -1, -1, 1, 1, -1, -1, 1, -1, -1, 1, 1, -1, 1, 1, -1, 1, -1, 1, -1, -1, 1, -1, 1, -1, -1, -1, 1, -1,
    -1, -1, -1, 1, 1, -1, 1, -1, 1, -1, i, 1, 1, 1, 1, 1, 1, -1, -1, 1, -1, 1, 1, 1, -1, 1, 1, 1, 1, 1, -1, -1,
    -1, -1, -1, -1, 1, 1, 1, -1, -1, 1, 1, 1, -1, -1, 1, 1, -1, 1, -1],
[1, 1, 1, 1, 1, 1, -1, -1, 1, 1, -1, 1, 1, -1, -1, 1, -1, -1, 1, -1, 1, -1, 1, 1, -1, 1, -1, 1, 1, 1, -1, 1, 1, 1,
    1, -1, -1, 1, -1, 1, -1, 1, i, -1, -1, -1, -1, -1, -1, 1, 1, -1, 1, -1, -1, -1, 1, -1, -1, -1, -1, -1, 1,
    1, 1, 1, 1, 1, -1, -1, -1, 1, 1, -1, -1, -1, 1, 1, -1, -1, 1, -1],
[1, -1, 1, -1, -1, -1, -1, 1, 1, -1, -1, 1, -1, -1, 1, 1, -1, 1, 1, -1, 1, -1, 1, -1, -1, 1, -1, 1, -1, -1, -1,
    1, -1, -1, -1, -1, 1, 1, -1, 1, -1, 1, -1, i, 1, 1, 1, 1, 1, 1, -1, -1, 1, -1, 1, 1, 1, -1, 1, 1, 1, 1, 1,
    -1, -1, -1, -1, -1, -1, 1, 1, 1, -1, -1, 1, 1, 1, -1, -1, 1, 1, -1],
[1, 1, 1, -1, 1, 1, 1, 1, -1, -1, 1, 1, -1, 1, 1, -1, -1, 1, -1, -1, 1, -1, 1, -1, 1, 1, -1, 1, -1, 1, 1, 1, -1,
    1, 1, 1, 1, -1, -1, 1, -1, 1, -1, 1, i, -1, -1, -1, -1, -1, -1, 1, 1, -1, 1, -1, -1, -1, 1, -1, -1, -1,
    -1, -1, 1, 1, 1, 1, 1, 1, -1, -1, -1, 1, 1, -1, -1, -1, 1, 1, -1, -1],
[1, -1, 1, -1, 1, -1, -1, -1, -1, 1, 1, -1, -1, 1, -1, -1, 1, 1, -1, 1, 1, -1, 1, -1, 1, -1, -1, 1, -1, 1, -1,
    -1, -1, 1, -1, -1, -1, -1, 1, 1, -1, 1, -1, 1, -1, i, 1, 1, 1, 1, 1, 1, -1, -1, 1, -1, 1, 1, 1, -1, 1, 1, 1,
    1, 1, -1, -1, -1, -1, -1, -1, 1, 1, 1, -1, -1, 1, 1, 1, -1, -1, 1],
[1, 1, -1, -1, 1, -1, 1, 1, 1, 1, -1, -1, 1, 1, -1, 1, 1, -1, -1, 1, -1, -1, 1, -1, 1, -1, 1, 1, -1, 1, -1, 1, 1,
    1, -1, 1, 1, 1, 1, -1, -1, 1, -1, 1, -1, 1, i, -1, -1, -1, -1, -1, -1, 1, 1, -1, 1, -1, -1, -1, 1, -1, -1,
    -1, -1, -1, 1, 1, 1, 1, 1, 1, -1, -1, -1, 1, 1, -1, -1, -1, 1, 1],
[1, -1, -1, 1, 1, -1, 1, -1, -1, -1, -1, 1, 1, -1, -1, 1, -1, -1, 1, 1, -1, 1, 1, -1, 1, -1, 1, -1, -1, 1, -1,
    1, -1, -1, -1, 1, -1, -1, -1, -1, 1, 1, -1, 1, -1, 1, -1, i, 1, 1, 1, 1, 1, 1, -1, -1, 1, -1, 1, 1, 1, -1,
    1, 1, 1, 1, 1, -1, -1, -1, -1, -1, -1, 1, 1, 1, -1, -1, 1, 1, 1, -1],
[1, 1, 1, 1, -1, -1, 1, -1, 1, 1, 1, 1, -1, -1, 1, 1, -1, 1, 1, -1, -1, 1, -1, -1, 1, -1, 1, -1, 1, 1, -1, 1, -1,
    1, 1, 1, -1, 1, 1, 1, 1, -1, -1, 1, -1, 1, -1, 1, i, -1, -1, -1, -1, -1, -1, 1, 1, -1, 1, -1, -1, -1, 1,
    -1, -1, -1, -1, -1, 1, 1, 1, 1, 1, 1, -1, -1, -1, 1, 1, -1, -1, -1],
[1, -1, 1, -1, -1, 1, 1, -1, 1, -1, -1, -1, -1, 1, 1, -1, -1, 1, -1, -1, 1, 1, -1, 1, 1, -1, 1, -1, 1, -1, -1,
    1, -1, 1, -1, -1, -1, 1, -1, -1, -1, -1, 1, 1, -1, 1, -1, 1, -1, i, 1, 1, 1, 1, 1, 1, -1, -1, 1, -1, 1, 1,
    1, -1, 1, 1, 1, 1, 1, -1, -1, -1, -1, -1, -1, 1, 1, 1, -1, -1, 1, 1],
[1, 1, -1, -1, 1, 1, -1, -1, 1, -1, 1, 1, 1, 1, -1, -1, 1, 1, -1, 1, 1, -1, -1, 1, -1, -1, 1, -1, 1, -1, 1, 1,
    -1, 1, -1, 1, 1, 1, -1, 1, 1, 1, 1, -1, -1, 1, -1, 1, -1, 1, i, -1, -1, -1, -1, -1, -1, 1, 1, -1, 1, -1,
    -1, -1, 1, -1, -1, -1, -1, -1, 1, 1, 1, 1, 1, 1, -1, -1, -1, 1, 1, -1],
[1, -1, 1, 1, 1, -1, -1, 1, 1, -1, 1, -1, -1, -1, -1, 1, 1, -1, -1, 1, -1, -1, 1, 1, -1, 1, 1, -1, 1, -1, 1, -1,
    -1, 1, -1, 1, -1, -1, -1, 1, -1, -1, -1, -1, 1, 1, -1, 1, -1, 1, -1, i, 1, 1, 1, 1, 1, 1, -1, -1, 1, -1, 1,
    1, 1, -1, 1, 1, 1, 1, 1, -1, -1, -1, -1, -1, -1, 1, 1, 1, -1, -1],
[1, 1, 1, -1, -1, -1, 1, 1, -1, -1, 1, -1, 1, 1, 1, 1, -1, -1, 1, 1, -1, 1, 1, -1, -1, 1, -1, -1, 1, -1, 1, -1,
    1, 1, -1, 1, -1, 1, 1, 1, -1, 1, 1, 1, 1, -1, -1, 1, -1, 1, -1, 1, i, -1, -1, -1, -1, -1, -1, 1, 1, -1, 1,
    -1, -1, -1, 1, -1, -1, -1, -1, -1, 1, 1, 1, 1, 1, 1, -1, -1, -1, 1],
[1, -1, -1, -1, 1, 1, 1, -1, -1, 1, 1, -1, 1, -1, -1, -1, -1, 1, 1, -1, -1, 1, -1, -1, 1, 1, -1, 1, 1, -1, 1,
    -1, 1, -1, -1, 1, -1, 1, -1, -1, -1, 1, -1, -1, -1, -1, 1, 1, -1, 1, -1, 1, -1, i, 1, 1, 1, 1, 1, 1, -1,
    -1, 1, -1, 1, 1, 1, -1, 1, 1, 1, 1, 1, -1, -1, -1, -1, -1, -1, 1, 1, 1],
[1, 1, -1, 1, 1, -1, -1, -1, 1, 1, -1, -1, 1, -1, 1, 1, 1, 1, -1, -1, 1, 1, -1, 1, 1, -1, -1, 1, -1, -1, 1, -1,
    1, -1, 1, 1, -1, 1, -1, 1, 1, 1, -1, 1, 1, 1, 1, -1, -1, 1, -1, 1, -1, 1, i, -1, -1, -1, -1, -1, -1, 1, 1,
    -1, 1, -1, -1, -1, 1, -1, -1, -1, -1, -1, 1, 1, 1, 1, 1, 1, -1, -1],
[1, -1, 1, 1, -1, -1, 1, 1, 1, -1, -1, 1, 1, -1, 1, -1, -1, -1, -1, 1, 1, -1, -1, 1, -1, -1, 1, 1, -1, 1, 1, -1,
    1, -1, 1, -1, -1, 1, -1, 1, -1, -1, -1, 1, -1, -1, -1, -1, 1, 1, -1, 1, -1, 1, -1, i, 1, 1, 1, 1, 1, 1, -1,
    -1, 1, -1, 1, 1, 1, -1, 1, 1, 1, 1, 1, -1, -1, -1, -1, -1, -1, 1],
[1, 1, -1, -1, -1, 1, 1, -1, -1, -1, 1, 1, -1, -1, 1, -1, 1, 1, 1, 1, -1, -1, 1, 1, -1, 1, 1, -1, -1, 1, -1, -1,
    1, -1, 1, -1, 1, 1, -1, 1, -1, 1, 1, 1, -1, 1, 1, 1, 1, -1, -1, 1, -1, 1, -1, 1, i, -1, -1, -1, -1, -1, -1,
    1, 1, -1, 1, -1, -1, -1, 1, -1, -1, -1, -1, -1, 1, 1, 1, 1, 1, 1],
[1, -1, -1, 1, 1, 1, -1, -1, 1, 1, 1, -1, -1, 1, 1, -1, 1, -1, -1, -1, -1, 1, 1, -1, -1, 1, -1, -1, 1, 1, -1, 1,
    1, -1, 1, -1, 1, -1, -1, 1, -1, 1, -1, -1, -1, 1, -1, -1, -1, -1, 1, 1, -1, 1, -1, 1, -1, i, 1, 1, 1, 1, 1,
    1, -1, -1, 1, -1, 1, 1, 1, -1, 1, 1, 1, 1, 1, -1, -1, -1, -1, -1],
[1, 1, 1, 1, -1, -1, -1, 1, 1, -1, -1, -1, 1, 1, -1, -1, 1, -1, 1, 1, 1, 1, -1, -1, 1, 1, -1, 1, 1, -1, -1, 1,
    -1, -1, 1, -1, 1, -1, 1, 1, -1, 1, -1, 1, 1, 1, -1, 1, 1, 1, 1, -1, -1, 1, -1, 1, -1, 1, i, -1, -1, -1, -1,
    -1, -1, 1, 1, -1, 1, -1, -1, -1, 1, -1, -1, -1, -1, -1, 1, 1, 1, 1],
[1, -1, -1, -1, -1, 1, 1, 1, -1, -1, 1, 1, 1, -1, -1, 1, 1, -1, 1, -1, -1, -1, -1, 1, 1, -1, -1, 1, -1, -1, 1,
    1, -1, 1, 1, -1, 1, -1, 1, -1, -1, 1, -1, 1, -1, -1, -1, 1, -1, -1, -1, -1, 1, 1, -1, 1, -1, 1, -1, i, 1,
    1, 1, 1, 1, 1, -1, -1, 1, -1, 1, 1, 1, -1, 1, 1, 1, 1, 1, -1, -1, -1],
[1, 1, 1, 1, 1, 1, -1, -1, -1, 1, 1, -1, -1, -1, 1, 1, -1, -1, 1, -1, 1, 1, 1, 1, -1, -1, 1, 1, -1, 1, 1, -1, -1,
    1, -1, -1, 1, -1, 1, -1, 1, 1, -1, 1, -1, 1, 1, 1, -1, 1, 1, 1, 1, -1, -1, 1, -1, 1, -1, 1, i, -1, -1, -1,
    -1, -1, -1, 1, 1, -1, 1, -1, -1, -1, 1, -1, -1, -1, -1, -1, 1, 1],
[1, -1, -1, -1, -1, -1, -1, 1, 1, 1, -1, -1, 1, 1, 1, -1, -1, 1, 1, -1, 1, -1, -1, -1, -1, 1, 1, -1, -1, 1, -1,
    -1, 1, 1, -1, 1, 1, -1, 1, -1, 1, -1, -1, 1, -1, 1, -1, -1, -1, 1, -1, -1, -1, -1, 1, 1, -1, 1, -1, 1, -1,
    i, 1, 1, 1, 1, 1, 1, -1, -1, 1, -1, 1, 1, 1, -1, 1, 1, 1, 1, 1, -1],
[1, 1, 1, 1, 1, 1, 1, 1, -1, -1, -1, 1, 1, -1, -1, -1, 1, 1, -1, -1, 1, -1, 1, 1, 1, 1, -1, -1, 1, 1, -1, 1, 1,
    -1, -1, 1, -1, -1, 1, -1, 1, -1, 1, 1, -1, 1, -1, 1, 1, 1, -1, 1, 1, 1, 1, -1, -1, 1, -1, 1, -1, 1, i, -1,
    -1, -1, -1, -1, -1, 1, 1, -1, 1, -1, -1, -1, 1, -1, -1, -1, -1, -1],
[1, -1, 1, -1, -1, -1, -1, -1, -1, 1, 1, 1, -1, -1, 1, 1, 1, -1, -1, 1, 1, -1, 1, -1, -1, -1, -1, 1, 1, -1, -1,
    1, -1, -1, 1, 1, -1, 1, 1, -1, 1, -1, 1, -1, -1, 1, -1, 1, -1, -1, -1, 1, -1, -1, -1, -1, 1, 1, -1, 1, -1,
    1, -1, i, 1, 1, 1, 1, 1, 1, -1, -1, 1, -1, 1, 1, 1, -1, 1, 1, 1, 1],
[1, 1, -1, -1, 1, 1, 1, 1, 1, 1, -1, -1, -1, 1, 1, -1, -1, -1, 1, 1, -1, -1, 1, -1, 1, 1, 1, 1, -1, -1, 1, 1, -1,
    1, 1, -1, -1, 1, -1, -1, 1, -1, 1, -1, 1, 1, -1, 1, -1, 1, 1, 1, -1, 1, 1, 1, 1, -1, -1, 1, -1, 1, -1, 1, i,
    -1, -1, -1, -1, -1, -1, 1, 1, -1, 1, -1, -1, -1, 1, -1, -1, -1],
[1, -1, 1, 1, 1, -1, -1, -1, -1, -1, -1, 1, 1, 1, -1, -1, 1, 1, 1, -1, -1, 1, 1, -1, 1, -1, -1, -1, -1, 1, 1,
    -1, -1, 1, -1, -1, 1, 1, -1, 1, 1, -1, 1, -1, 1, -1, -1, 1, -1, 1, -1, -1, -1, 1, -1, -1, -1, -1, 1, 1,
    -1, 1, -1, 1, -1, i, 1, 1, 1, 1, 1, 1, -1, -1, 1, -1, 1, 1, 1, -1, 1, 1],
[1, 1, -1, -1, -1, -1, 1, 1, 1, 1, 1, 1, -1, -1, -1, 1, 1, -1, -1, -1, 1, 1, -1, -1, 1, -1, 1, 1, 1, 1, -1, -1,
    1, 1, -1, 1, 1, -1, -1, 1, -1, -1, 1, -1, 1, -1, 1, 1, -1, 1, -1, 1, 1, 1, -1, 1, 1, 1, 1, -1, -1, 1, -1, 1,
    -1, 1, i, -1, -1, -1, -1, -1, -1, 1, 1, -1, 1, -1, -1, -1, 1, -1],
[1, -1, 1, 1, 1, 1, 1, -1, -1, -1, -1, -1, -1, 1, 1, 1, -1, -1, 1, 1, 1, -1, -1, 1, 1, -1, 1, -1, -1, -1, -1, 1,
    1, -1, -1, 1, -1, -1, 1, 1, -1, 1, 1, -1, 1, -1, 1, -1, -1, 1, -1, 1, -1, -1, -1, 1, -1, -1, -1, -1, 1, 1,
    -1, 1, -1, 1, -1, i, 1, 1, 1, 1, 1, 1, -1, -1, 1, -1, 1, 1, 1, -1],
[1, 1, 1, -1, -1, -1, -1, -1, 1, 1, 1, 1, 1, 1, -1, -1, -1, 1, 1, -1, -1, -1, 1, 1, -1, -1, 1, -1, 1, 1, 1, 1,
    -1, -1, 1, 1, -1, 1, 1, -1, -1, 1, -1, -1, 1, -1, 1, -1, 1, 1, -1, 1, -1, 1, 1, 1, -1, 1, 1, 1, 1, -1, -1,
    1, -1, 1, -1, 1, i, -1, -1, -1, -1, -1, -1, 1, 1, -1, 1, -1, -1, -1],
[1, -1, 1, -1, 1, 1, 1, 1, 1, -1, -1, -1, -1, -1, -1, 1, 1, 1, -1, -1, 1, 1, 1, -1, -1, 1, 1, -1, 1, -1, -1, -1,
    -1, 1, 1, -1, -1, 1, -1, -1, 1, 1, -1, 1, 1, -1, 1, -1, 1, -1, -1, 1, -1, 1, -1, -1, -1, 1, -1, -1, -1,
    -1, 1, 1, -1, 1, -1, 1, -1, i, 1, 1, 1, 1, 1, 1, -1, -1, 1, -1, 1, 1],
[1, 1, -1, -1, 1, -1, -1, -1, -1, -1, 1, 1, 1, 1, 1, 1, -1, -1, -1, 1, 1, -1, -1, -1, 1, 1, -1, -1, 1, -1, 1, 1,
    1, 1, -1, -1, 1, 1, -1, 1, 1, -1, -1, 1, -1, -1, 1, -1, 1, -1, 1, 1, -1, 1, -1, 1, 1, 1, -1, 1, 1, 1, 1, -1,
    -1, 1, -1, 1, -1, 1, i, -1, -1, -1, -1, -1, -1, 1, 1, -1, 1, -1],
[1, -1, 1, 1, 1, -1, 1, 1, 1, 1, 1, -1, -1, -1, -1, -1, -1, 1, 1, 1, -1, -1, 1, 1, 1, -1, -1, 1, 1, -1, 1, -1,
    -1, -1, -1, 1, 1, -1, -1, 1, -1, -1, 1, 1, -1, 1, 1, -1, 1, -1, 1, -1, -1, 1, -1, 1, -1, -1, -1, 1, -1,
    -1, -1, -1, 1, 1, -1, 1, -1, 1, -1, i, 1, 1, 1, 1, 1, 1, -1, -1, 1, -1],
[1, 1, 1, -1, -1, -1, 1, -1, -1, -1, -1, -1, 1, 1, 1, 1, 1, 1, -1, -1, -1, 1, 1, -1, -1, -1, 1, 1, -1, -1, 1,
    -1, 1, 1, 1, 1, -1, -1, 1, 1, -1, 1, 1, -1, -1, 1, -1, -1, 1, -1, 1, -1, 1, 1, -1, 1, -1, 1, 1, 1, -1, 1, 1,
    1, 1, -1, -1, 1, -1, 1, -1, 1, i, -1, -1, -1, -1, -1, -1, 1, 1, -1],
[1, -1, 1, -1, 1, 1, 1, -1, 1, 1, 1, 1, 1, -1, -1, -1, -1, -1, -1, 1, 1, 1, -1, -1, 1, 1, 1, -1, -1, 1, 1, -1, 1,
    -1, -1, -1, -1, 1, 1, -1, -1, 1, -1, -1, 1, 1, -1, 1, 1, -1, 1, -1, 1, -1, -1, 1, -1, 1, -1, -1, -1, 1,
    -1, -1, -1, -1, 1, 1, -1, 1, -1, 1, -1, i, 1, 1, 1, 1, 1, 1, -1, -1],
[1, 1, 1, -1, 1, -1, -1, -1, 1, -1, -1, -1, -1, -1, 1, 1, 1, 1, 1, 1, -1, -1, -1, 1, 1, -1, -1, -1, 1, 1, -1,
    -1, 1, -1, 1, 1, 1, 1, -1, -1, 1, 1, -1, 1, 1, -1, -1, 1, -1, -1, 1, -1, 1, -1, 1, 1, -1, 1, -1, 1, 1, 1,
    -1, 1, 1, 1, 1, -1, -1, 1, -1, 1, -1, 1, i, -1, -1, -1, -1, -1, -1, 1],
[1, -1, -1, -1, 1, -1, 1, 1, 1, -1, 1, 1, 1, 1, 1, -1, -1, -1, -1, -1, -1, 1, 1, 1, -1, -1, 1, 1, 1, -1, -1, 1,
    1, -1, 1, -1, -1, -1, -1, 1, 1, -1, -1, 1, -1, -1, 1, 1, -1, 1, 1, -1, 1, -1, 1, -1, -1, 1, -1, 1, -1, -1,
    -1, 1, -1, -1, -1, -1, 1, 1, -1, 1, -1, 1, -1, i, 1, 1, 1, 1, 1, 1],
[1, 1, -1, 1, 1, -1, 1, -1, -1, -1, 1, -1, -1, -1, -1, -1, 1, 1, 1, 1, 1, 1, -1, -1, -1, 1, 1, -1, -1, -1, 1, 1,
    -1, -1, 1, -1, 1, 1, 1, 1, -1, -1, 1, 1, -1, 1, 1, -1, -1, 1, -1, -1, 1, -1, 1, -1, 1, 1, -1, 1, -1, 1, 1,
    1, -1, 1, 1, 1, 1, -1, -1, 1, -1, 1, -1, 1, i, -1, -1, -1, -1, -1],
[1, -1, 1, 1, -1, -1, 1, -1, 1, 1, 1, -1, 1, 1, 1, 1, 1, -1, -1, -1, -1, -1, -1, 1, 1, 1, -1, -1, 1, 1, 1, -1,
    -1, 1, 1, -1, 1, -1, -1, -1, -1, 1, 1, -1, -1, 1, -1, -1, 1, 1, -1, 1, 1, -1, 1, -1, 1, -1, -1, 1, -1, 1,
    -1, -1, -1, 1, -1, -1, -1, -1, 1, 1, -1, 1, -1, 1, -1, i, 1, 1, 1, 1],
[1, 1, -1, -1, -1, 1, 1, -1, 1, -1, -1, -1, 1, -1, -1, -1, -1, -1, 1, 1, 1, 1, 1, 1, -1, -1, -1, 1, 1, -1, -1,
    -1, 1, 1, -1, -1, 1, -1, 1, 1, 1, 1, -1, -1, 1, 1, -1, 1, 1, -1, -1, 1, -1, -1, 1, -1, 1, -1, 1, 1, -1, 1,
    -1, 1, 1, 1, -1, 1, 1, 1, 1, -1, -1, 1, -1, 1, -1, 1, i, -1, -1, -1],
[1, -1, 1, 1, 1, 1, -1, -1, 1, -1, 1, 1, 1, -1, 1, 1, 1, 1, 1, -1, -1, -1, -1, -1, -1, 1, 1, 1, -1, -1, 1, 1, 1,
    -1, -1, 1, 1, -1, 1, -1, -1, -1, -1, 1, 1, -1, -1, 1, -1, -1, 1, 1, -1, 1, 1, -1, 1, -1, 1, -1, -1, 1, -1,
    1, -1, -1, -1, 1, -1, -1, -1, -1, 1, 1, -1, 1, -1, 1, -1, i, 1, 1],
[1, 1, -1, -1, -1, -1, -1, 1, 1, -1, 1, -1, -1, -1, 1, -1, -1, -1, -1, -1, 1, 1, 1, 1, 1, 1, -1, -1, -1, 1, 1,
    -1, -1, -1, 1, 1, -1, -1, 1, -1, 1, 1, 1, 1, -1, -1, 1, 1, -1, 1, 1, -1, -1, 1, -1, -1, 1, -1, 1, -1, 1, 1,
    -1, 1, -1, 1, 1, 1, -1, 1, 1, 1, 1, -1, -1, 1, -1, 1, -1, 1, i, -1],
[1, -1, 1, 1, 1, 1, 1, 1, -1, -1, 1, -1, 1, 1, 1, -1, 1, 1, 1, 1, 1, -1, -1, -1, -1, -1, -1, 1, 1, 1, -1, -1, 1,
    1, 1, -1, -1, 1, 1, -1, 1, -1, -1, -1, -1, 1, 1, -1, -1, 1, -1, -1, 1, 1, -1, 1, 1, -1, 1, -1, 1, -1, -1,
    1, -1, 1, -1, -1, -1, 1, -1, -1, -1, -1, 1, 1, -1, 1, -1, 1, -1, i]
]
];