/*
* Complex Hadamard matrix with v = 50:
* - number of matrices: N = 1
*/

com_H_v50 := [
[[i, 1, 1, 1, 1, 1, 1, 1, 1, 1, 1, 1, 1, 1, 1, 1, 1, 1, 1, 1, 1, 1, 1, 1, 1, 1, 1, 1, 1, 1, 1, 1, 1, 1, 1, 1, 1, 1, 1, 1,
    1, 1, 1, 1, 1, 1, 1, 1, 1, 1],
[1, i, 1, -1, 1, -1, 1, -1, 1, -1, 1, -1, 1, -1, 1, -1, 1, -1, 1, -1, 1, -1, 1, -1, 1, -1, 1, -1, 1, -1, 1, -1,
    1, -1, 1, -1, 1, -1, 1, -1, 1, -1, 1, -1, 1, -1, 1, -1, 1, -1],
[1, 1, i, -1, 1, 1, -1, -1, -1, -1, 1, 1, -1, 1, 1, 1, 1, 1, 1, 1, -1, -1, -1, 1, -1, 1, 1, -1, -1, -1, -1, 1,
    -1, -1, 1, -1, 1, -1, 1, -1, -1, -1, 1, 1, -1, 1, -1, -1, 1, 1],
[1, -1, -1, i, 1, -1, -1, 1, 1, 1, 1, -1, -1, 1, -1, -1, -1, -1, -1, -1, -1, 1, 1, 1, -1, 1, -1, -1, 1, 1, 1, 1,
    -1, 1, 1, -1, 1, -1, 1, -1, 1, 1, 1, -1, -1, 1, -1, 1, 1, -1],
[1, 1, 1, 1, i, -1, 1, 1, -1, -1, -1, -1, 1, 1, -1, 1, 1, 1, 1, 1, 1, 1, -1, -1, -1, 1, -1, 1, 1, -1, -1, -1, -1,
    1, -1, -1, 1, -1, 1, -1, 1, -1, -1, -1, 1, 1, -1, 1, -1, -1],
[1, -1, 1, -1, -1, i, 1, -1, -1, 1, 1, 1, 1, -1, -1, 1, -1, -1, -1, -1, -1, -1, -1, 1, 1, 1, -1, 1, -1, -1, 1,
    1, 1, 1, -1, 1, 1, -1, 1, -1, 1, -1, 1, 1, 1, -1, -1, 1, -1, 1],
[1, 1, -1, -1, 1, 1, i, -1, 1, 1, -1, -1, -1, -1, 1, 1, -1, 1, 1, 1, 1, 1, 1, 1, -1, -1, -1, 1, -1, 1, 1, -1, -1,
    -1, -1, 1, -1, -1, 1, -1, 1, -1, 1, -1, -1, -1, 1, 1, -1, 1],
[1, -1, -1, 1, 1, -1, -1, i, 1, -1, -1, 1, 1, 1, 1, -1, -1, 1, -1, -1, -1, -1, -1, -1, -1, 1, 1, 1, -1, 1, -1,
    -1, 1, 1, 1, 1, -1, 1, 1, -1, 1, -1, 1, -1, 1, 1, 1, -1, -1, 1],
[1, 1, -1, 1, -1, -1, 1, 1, i, -1, 1, 1, -1, -1, -1, -1, 1, 1, -1, 1, 1, 1, 1, 1, 1, 1, -1, -1, -1, 1, -1, 1, 1,
    -1, -1, -1, -1, 1, -1, -1, 1, -1, 1, -1, 1, -1, -1, -1, 1, 1],
[1, -1, -1, 1, -1, 1, 1, -1, -1, i, 1, -1, -1, 1, 1, 1, 1, -1, -1, 1, -1, -1, -1, -1, -1, -1, -1, 1, 1, 1, -1,
    1, -1, -1, 1, 1, 1, 1, -1, 1, 1, -1, 1, -1, 1, -1, 1, 1, 1, -1],
[1, 1, 1, 1, -1, 1, -1, -1, 1, 1, i, -1, 1, 1, -1, -1, -1, -1, 1, 1, -1, 1, 1, 1, 1, 1, 1, 1, -1, -1, -1, 1, -1,
    1, 1, -1, -1, -1, -1, 1, -1, -1, 1, -1, 1, -1, 1, -1, -1, -1],
[1, -1, 1, -1, -1, 1, -1, 1, 1, -1, -1, i, 1, -1, -1, 1, 1, 1, 1, -1, -1, 1, -1, -1, -1, -1, -1, -1, -1, 1, 1,
    1, -1, 1, -1, -1, 1, 1, 1, 1, -1, 1, 1, -1, 1, -1, 1, -1, 1, 1],
[1, 1, -1, -1, 1, 1, -1, 1, -1, -1, 1, 1, i, -1, 1, 1, -1, -1, -1, -1, 1, 1, -1, 1, 1, 1, 1, 1, 1, 1, -1, -1, -1,
    1, -1, 1, 1, -1, -1, -1, -1, 1, -1, -1, 1, -1, 1, -1, 1, -1],
[1, -1, 1, 1, 1, -1, -1, 1, -1, 1, 1, -1, -1, i, 1, -1, -1, 1, 1, 1, 1, -1, -1, 1, -1, -1, -1, -1, -1, -1, -1,
    1, 1, 1, -1, 1, -1, -1, 1, 1, 1, 1, -1, 1, 1, -1, 1, -1, 1, -1],
[1, 1, 1, -1, -1, -1, 1, 1, -1, 1, -1, -1, 1, 1, i, -1, 1, 1, -1, -1, -1, -1, 1, 1, -1, 1, 1, 1, 1, 1, 1, 1, -1,
    -1, -1, 1, -1, 1, 1, -1, -1, -1, -1, 1, -1, -1, 1, -1, 1, -1],
[1, -1, 1, -1, 1, 1, 1, -1, -1, 1, -1, 1, 1, -1, -1, i, 1, -1, -1, 1, 1, 1, 1, -1, -1, 1, -1, -1, -1, -1, -1,
    -1, -1, 1, 1, 1, -1, 1, -1, -1, 1, 1, 1, 1, -1, 1, 1, -1, 1, -1],
[1, 1, 1, -1, 1, -1, -1, -1, 1, 1, -1, 1, -1, -1, 1, 1, i, -1, 1, 1, -1, -1, -1, -1, 1, 1, -1, 1, 1, 1, 1, 1, 1,
    1, -1, -1, -1, 1, -1, 1, 1, -1, -1, -1, -1, 1, -1, -1, 1, -1],
[1, -1, 1, -1, 1, -1, 1, 1, 1, -1, -1, 1, -1, 1, 1, -1, -1, i, 1, -1, -1, 1, 1, 1, 1, -1, -1, 1, -1, -1, -1, -1,
    -1, -1, -1, 1, 1, 1, -1, 1, -1, -1, 1, 1, 1, 1, -1, 1, 1, -1],
[1, 1, 1, -1, 1, -1, 1, -1, -1, -1, 1, 1, -1, 1, -1, -1, 1, 1, i, -1, 1, 1, -1, -1, -1, -1, 1, 1, -1, 1, 1, 1, 1,
    1, 1, 1, -1, -1, -1, 1, -1, 1, 1, -1, -1, -1, -1, 1, -1, -1],
[1, -1, 1, -1, 1, -1, 1, -1, 1, 1, 1, -1, -1, 1, -1, 1, 1, -1, -1, i, 1, -1, -1, 1, 1, 1, 1, -1, -1, 1, -1, -1,
    -1, -1, -1, -1, -1, 1, 1, 1, -1, 1, -1, -1, 1, 1, 1, 1, -1, 1],
[1, 1, -1, -1, 1, -1, 1, -1, 1, -1, -1, -1, 1, 1, -1, 1, -1, -1, 1, 1, i, -1, 1, 1, -1, -1, -1, -1, 1, 1, -1, 1,
    1, 1, 1, 1, 1, 1, -1, -1, -1, 1, -1, 1, 1, -1, -1, -1, -1, 1],
[1, -1, -1, 1, 1, -1, 1, -1, 1, -1, 1, 1, 1, -1, -1, 1, -1, 1, 1, -1, -1, i, 1, -1, -1, 1, 1, 1, 1, -1, -1, 1,
    -1, -1, -1, -1, -1, -1, -1, 1, 1, 1, -1, 1, -1, -1, 1, 1, 1, 1],
[1, 1, -1, 1, -1, -1, 1, -1, 1, -1, 1, -1, -1, -1, 1, 1, -1, 1, -1, -1, 1, 1, i, -1, 1, 1, -1, -1, -1, -1, 1, 1,
    -1, 1, 1, 1, 1, 1, 1, 1, -1, -1, -1, 1, -1, 1, 1, -1, -1, -1],
[1, -1, 1, 1, -1, 1, 1, -1, 1, -1, 1, -1, 1, 1, 1, -1, -1, 1, -1, 1, 1, -1, -1, i, 1, -1, -1, 1, 1, 1, 1, -1, -1,
    1, -1, -1, -1, -1, -1, -1, -1, 1, 1, 1, -1, 1, -1, -1, 1, 1],
[1, 1, -1, -1, -1, 1, -1, -1, 1, -1, 1, -1, 1, -1, -1, -1, 1, 1, -1, 1, -1, -1, 1, 1, i, -1, 1, 1, -1, -1, -1,
    -1, 1, 1, -1, 1, 1, 1, 1, 1, 1, 1, -1, -1, -1, 1, -1, 1, 1, -1],
[1, -1, 1, 1, 1, 1, -1, 1, 1, -1, 1, -1, 1, -1, 1, 1, 1, -1, -1, 1, -1, 1, 1, -1, -1, i, 1, -1, -1, 1, 1, 1, 1,
    -1, -1, 1, -1, -1, -1, -1, -1, -1, -1, 1, 1, 1, -1, 1, -1, -1],
[1, 1, 1, -1, -1, -1, -1, 1, -1, -1, 1, -1, 1, -1, 1, -1, -1, -1, 1, 1, -1, 1, -1, -1, 1, 1, i, -1, 1, 1, -1,
    -1, -1, -1, 1, 1, -1, 1, 1, 1, 1, 1, 1, 1, -1, -1, -1, 1, -1, 1],
[1, -1, -1, -1, 1, 1, 1, 1, -1, 1, 1, -1, 1, -1, 1, -1, 1, 1, 1, -1, -1, 1, -1, 1, 1, -1, -1, i, 1, -1, -1, 1, 1,
    1, 1, -1, -1, 1, -1, -1, -1, -1, -1, -1, -1, 1, 1, 1, -1, 1],
[1, 1, -1, 1, 1, -1, -1, -1, -1, 1, -1, -1, 1, -1, 1, -1, 1, -1, -1, -1, 1, 1, -1, 1, -1, -1, 1, 1, i, -1, 1, 1,
    -1, -1, -1, -1, 1, 1, -1, 1, 1, 1, 1, 1, 1, 1, -1, -1, -1, 1],
[1, -1, -1, 1, -1, -1, 1, 1, 1, 1, -1, 1, 1, -1, 1, -1, 1, -1, 1, 1, 1, -1, -1, 1, -1, 1, 1, -1, -1, i, 1, -1,
    -1, 1, 1, 1, 1, -1, -1, 1, -1, -1, -1, -1, -1, -1, -1, 1, 1, 1],
[1, 1, -1, 1, -1, 1, 1, -1, -1, -1, -1, 1, -1, -1, 1, -1, 1, -1, 1, -1, -1, -1, 1, 1, -1, 1, -1, -1, 1, 1, i,
    -1, 1, 1, -1, -1, -1, -1, 1, 1, -1, 1, 1, 1, 1, 1, 1, 1, -1, -1],
[1, -1, 1, 1, -1, 1, -1, -1, 1, 1, 1, 1, -1, 1, 1, -1, 1, -1, 1, -1, 1, 1, 1, -1, -1, 1, -1, 1, 1, -1, -1, i, 1,
    -1, -1, 1, 1, 1, 1, -1, -1, 1, -1, -1, -1, -1, -1, -1, -1, 1],
[1, 1, -1, -1, -1, 1, -1, 1, 1, -1, -1, -1, -1, 1, -1, -1, 1, -1, 1, -1, 1, -1, -1, -1, 1, 1, -1, 1, -1, -1, 1,
    1, i, -1, 1, 1, -1, -1, -1, -1, 1, 1, -1, 1, 1, 1, 1, 1, 1, 1],
[1, -1, -1, 1, 1, 1, -1, 1, -1, -1, 1, 1, 1, 1, -1, 1, 1, -1, 1, -1, 1, -1, 1, 1, 1, -1, -1, 1, -1, 1, 1, -1, -1,
    i, 1, -1, -1, 1, 1, 1, 1, -1, -1, 1, -1, -1, -1, -1, -1, -1],
[1, 1, 1, 1, -1, -1, -1, 1, -1, 1, 1, -1, -1, -1, -1, 1, -1, -1, 1, -1, 1, -1, 1, -1, -1, -1, 1, 1, -1, 1, -1,
    -1, 1, 1, i, -1, 1, 1, -1, -1, -1, -1, 1, 1, -1, 1, 1, 1, 1, 1],
[1, -1, -1, -1, -1, 1, 1, 1, -1, 1, -1, -1, 1, 1, 1, 1, -1, 1, 1, -1, 1, -1, 1, -1, 1, 1, 1, -1, -1, 1, -1, 1, 1,
    -1, -1, i, 1, -1, -1, 1, 1, 1, 1, -1, -1, 1, -1, -1, -1, -1],
[1, 1, 1, 1, 1, 1, -1, -1, -1, 1, -1, 1, 1, -1, -1, -1, -1, 1, -1, -1, 1, -1, 1, -1, 1, -1, -1, -1, 1, 1, -1, 1,
    -1, -1, 1, 1, i, -1, 1, 1, -1, -1, -1, -1, 1, 1, -1, 1, 1, 1],
[1, -1, -1, -1, -1, -1, -1, 1, 1, 1, -1, 1, -1, -1, 1, 1, 1, 1, -1, 1, 1, -1, 1, -1, 1, -1, 1, 1, 1, -1, -1, 1,
    -1, 1, 1, -1, -1, i, 1, -1, -1, 1, 1, 1, 1, -1, -1, 1, -1, -1],
[1, 1, 1, 1, 1, 1, 1, 1, -1, -1, -1, 1, -1, 1, 1, -1, -1, -1, -1, 1, -1, -1, 1, -1, 1, -1, 1, -1, -1, -1, 1, 1,
    -1, 1, -1, -1, 1, 1, i, -1, 1, 1, -1, -1, -1, -1, 1, 1, -1, 1],
[1, -1, -1, -1, -1, -1, -1, -1, -1, 1, 1, 1, -1, 1, -1, -1, 1, 1, 1, 1, -1, 1, 1, -1, 1, -1, 1, -1, 1, 1, 1, -1,
    -1, 1, -1, 1, 1, -1, -1, i, 1, -1, -1, 1, 1, 1, 1, -1, -1, 1],
[1, 1, -1, 1, 1, 1, 1, 1, 1, 1, -1, -1, -1, 1, -1, 1, 1, -1, -1, -1, -1, 1, -1, -1, 1, -1, 1, -1, 1, -1, -1, -1,
    1, 1, -1, 1, -1, -1, 1, 1, i, -1, 1, 1, -1, -1, -1, -1, 1, 1],
[1, -1, -1, 1, -1, -1, -1, -1, -1, -1, -1, 1, 1, 1, -1, 1, -1, -1, 1, 1, 1, 1, -1, 1, 1, -1, 1, -1, 1, -1, 1, 1,
    1, -1, -1, 1, -1, 1, 1, -1, -1, i, 1, -1, -1, 1, 1, 1, 1, -1],
[1, 1, 1, 1, -1, 1, 1, 1, 1, 1, 1, 1, -1, -1, -1, 1, -1, 1, 1, -1, -1, -1, -1, 1, -1, -1, 1, -1, 1, -1, 1, -1,
    -1, -1, 1, 1, -1, 1, -1, -1, 1, 1, i, -1, 1, 1, -1, -1, -1, -1],
[1, -1, 1, -1, -1, 1, -1, -1, -1, -1, -1, -1, -1, 1, 1, 1, -1, 1, -1, -1, 1, 1, 1, 1, -1, 1, 1, -1, 1, -1, 1,
    -1, 1, 1, 1, -1, -1, 1, -1, 1, 1, -1, -1, i, 1, -1, -1, 1, 1, 1],
[1, 1, -1, -1, 1, 1, -1, 1, 1, 1, 1, 1, 1, 1, -1, -1, -1, 1, -1, 1, 1, -1, -1, -1, -1, 1, -1, -1, 1, -1, 1, -1,
    1, -1, -1, -1, 1, 1, -1, 1, -1, -1, 1, 1, i, -1, 1, 1, -1, -1],
[1, -1, 1, 1, 1, -1, -1, 1, -1, -1, -1, -1, -1, -1, -1, 1, 1, 1, -1, 1, -1, -1, 1, 1, 1, 1, -1, 1, 1, -1, 1, -1,
    1, -1, 1, 1, 1, -1, -1, 1, -1, 1, 1, -1, -1, i, 1, -1, -1, 1],
[1, 1, -1, -1, -1, -1, 1, 1, -1, 1, 1, 1, 1, 1, 1, 1, -1, -1, -1, 1, -1, 1, 1, -1, -1, -1, -1, 1, -1, -1, 1, -1,
    1, -1, 1, -1, -1, -1, 1, 1, -1, 1, -1, -1, 1, 1, i, -1, 1, 1],
[1, -1, -1, 1, 1, 1, 1, -1, -1, 1, -1, -1, -1, -1, -1, -1, -1, 1, 1, 1, -1, 1, -1, -1, 1, 1, 1, 1, -1, 1, 1, -1,
    1, -1, 1, -1, 1, 1, 1, -1, -1, 1, -1, 1, 1, -1, -1, i, 1, -1],
[1, 1, 1, 1, -1, -1, -1, -1, 1, 1, -1, 1, 1, 1, 1, 1, 1, 1, -1, -1, -1, 1, -1, 1, 1, -1, -1, -1, -1, 1, -1, -1,
    1, -1, 1, -1, 1, -1, -1, -1, 1, 1, -1, 1, -1, -1, 1, 1, i, -1],
[1, -1, 1, -1, -1, 1, 1, 1, 1, -1, -1, 1, -1, -1, -1, -1, -1, -1, -1, 1, 1, 1, -1, 1, -1, -1, 1, 1, 1, 1, -1, 1,
    1, -1, 1, -1, 1, -1, 1, 1, 1, -1, -1, 1, -1, 1, 1, -1, -1, i]]
];